testlist <- list(idx = c(-1.19641206146138e+111, -1.87638612183231e+106,  NaN, 4.37931553287123e-303, 2.6303259350264e-192, -7.72156694309577e+303,  2.61933855397869e-314, -3.73848533085555e-306, 1.1779729134596e-309,  0, NaN, NaN, NaN, NaN, NaN, -1.84368056986898e+306, NaN, NaN,  2.12455197126707e+183, 2.77448002226208e+180, 3.16451808210422e+180,  NaN, NaN, NaN, NaN, NaN, -3.1294580835414e+305, NaN, NaN, NaN,  NaN, 7.2911220195564e-304, -4.63175477336021e-282, -4.6313541705683e-282,  -1.88897993039156e+306, -5.49014220572211e+303, NaN, -2.35343736827306e-185,  -4.70814228729075e-284, NaN, -8.81442146035705e-280, NaN, NaN,  NaN, NaN, 1.02317907343436e-316, 2.94057558226062e-306, -4.6313527721839e-282,  -4.56637343990552e-282, 7.11750305497156e-38, 4.55695126218047e-303,  -4.53929313631512e-282, -4.73365444625107e-282, NaN, NaN, -4.63135572878316e-282,  -2.57550342012008e+29, NaN, 3.52936705200262e+30, 3.52953696534134e+30,  3.52953696534134e+30, 3.52953696534134e+30, 3.52953696534134e+30,  3.52953696534134e+30, 3.52953696534134e+30, 3.52953696534134e+30,  3.52953696534134e+30, 3.52953696534134e+30, 3.52953696534134e+30,  -4.63099455716583e-282, -8.54407690393838e-263, NaN, -3.10503618460142e+231,  5.30046900402393e-316, 3.45845952088873e-322, 2.77448001456303e+180,  2.77448001762435e+180, 1.42607507472144e-105, 4.76925113440165e-303,  4.40469547887319e-303, -4.53929313631512e-282, -4.73365444625107e-282,  NaN, NaN, 3.23706870498726e-319, 0, 0, NaN, 4.55661061297587e-303,  -4.63135417056832e-282), v = c(-1.47270847070203e-284, NaN, 2.96249386533826e-277,  NaN, -1.79769313486232e+308, -9.68343704282591e+119, 2.74265721319393e-319,  Inf, NaN, -1.92067867970871e+304, -4.63135574155974e-282, NaN,  -1.93111567221538e+306, NaN, 1.03839896022945e+34, 3.52953696534134e+30,  -3.23928731856746e-280, -8.54407690393838e-263, NaN, -3.10503618460142e+231,  5.30046900402393e-316, 2.64303172668045e-303, 5.29946982265531e-169,  2.64303106673974e-303, NaN, -2.39020982714367e-185, -2.35343736826454e-185,  -2.35343736826454e-185, -2.35343736826454e-185, -2.35343736826454e-185,  -2.35343736826228e-185, -1.88911992761567e+306, NaN, NaN, 1.4260108395481e-105,  1.42602581597035e-105, 1.42602581597035e-105, 6.97978791741515e-116,  1.42602581597035e-105, -8.54407733003711e-263, NaN, 4.70096183585886e-193,  -4.7106813010225e-282, Inf, 1.67411312964268e-60, 6.45271420985065e-307,  -2.53959267871573e-280, 8.35229260084749e-309, -4.63108491295433e-282,  9.03415789817563e-303, 0))
result <- do.call(nanotime:::nanoduration_subset_numeric_impl,testlist)
str(result)