testlist <- list(idx = c(1.42602581597035e-105, 1.42602581597035e-105, -1.89301434446754e-284,  NaN, -1.92067917838138e+304, -4.63135574155974e-282, 3.32612505434922e-111,  -4.63135417054697e-282, 5.59504519951566e+141, 5.59487724463388e+141,  1.6643184226095e-275, NaN, 4.14171286672742e+204, -4.63135417056838e-282,  8.26563118745958e-312, 3.11812486319012e-106, 1.84562621793573e-104,  1.42602581597035e-105, 1.42602581597035e-105, 1.42602581597035e-105,  1.44547521182548e-105, 1.42602581597035e-105, -4.73360850318677e-282,  NaN, NaN, -1.51309530409381e-284, NaN, 4.77830972673648e-299,  -4.7343106590539e-282, -4.63099455717821e-282, 9.63143094725076e+140,  NaN, NaN, NaN, NaN, NaN, -1.42903553274004e-284, 3.83096767417822e-306,  -1.88897860205266e+306, 1.80331613628628e-130, NaN, -4.63175633292818e-282,  7.98357558433189e-304, -1.53732774916378e+173, 4.70043089971286e-193,  -4.53929314267843e-282, 3.85859404522762e-57, 1.82356948629768e+233,  1.82358749035269e+233, 4.06468644350109e+233, -4.20273016268506e-284,  7.20624134871741e-38, 5.59504565543764e+141, 5.60918702964753e+141,  1.80092182523167e+233, 3.05400355727005e-314, -4.631354166083e-282,  -4.6313541705684e-282, 2.51066156341821e-301, NaN, -1.88911992761567e+306,  2.64303172668051e-303, 3.52953696767469e+30, 3.52953696534134e+30,  3.52953696534134e+30, 3.52953696534134e+30, 3.52953696534134e+30,  -2.53017067482568e-98, 3.52953696535596e+30, 3.52953696534134e+30,  3.52953696534134e+30, 3.52953696534134e+30, 3.52953696534134e+30,  3.52953696534134e+30, 4.70069742871071e-193, -1.65655268489012e+304,  -1.84557312998898e+306), v = c(-2.53017067697011e-98, -4.73431065905401e-282,  2.47283943116358e-301, 3.89442570780643e-308, 1.26719726433825e-300,  2.6303259350264e-192, -1.89301434446754e-284, NaN, -1.92067917838138e+304,  -4.63135574155974e-282, 2.8522854209894e+180, 1.42602581597329e-105,  1.42599171902631e-105, NaN, 2.55449391121224e-65, 7.98357733672741e-304,  2.7744812124791e+180, 1.42607507472144e-105, 1.42602581597035e-105,  1.42602581597035e-105, 1.42602581597035e-105, 1.42602581597035e-105,  5.12813541834074e-116, 1.42602581597035e-105, -3.58857056735211e+304,  NaN, -4.63091901884408e-282, -4.51955315538379e-282, -2.53017067698439e-98,  4.84132006207444e-193, NaN, -2.14524738529635e+110, NaN, -4.63135276582869e-282,  5.56442206788348e+141, 4.62977865530011e+140, 4.08354848177142e+233,  2.12850230882982e-258, -5.86784901002452e+303, -1.88897860206244e+306,  -4.54265543144261e-282, NaN, NaN, -1.88911992761567e+306, NaN,  NaN, 4.55695126222275e-303, -4.53929313631512e-282, -1.24543976195709e-283,  4.37931553287115e-303, 2.6303259350264e-192, -1.89301434446754e-284,  NaN, 2.12147772509255e-314, 1.17798027775895e-309, 0, 7.29023199001299e-304,  NaN, -9.68343704291967e+119, 2.74265721319393e-319, 0, NaN, 3.85185988877447e-34,  NaN, 1.42602581596827e-105, 1.42607488230445e-105, 1.42602581597035e-105,  1.42602581597035e-105, 1.42602581597035e-105, 1.42602581597035e-105,  7.27730038429414e-308))
result <- do.call(nanotime:::nanoduration_subset_numeric_impl,testlist)
str(result)