testlist <- list(idx = c(-1.18454616411917e+111, NaN, 2.05155882099999e-277,  6.34625966998233e-307, -1.47419252227175e-284, NaN, 1.39033164224044e-309,  2.55189270690359e-303, NaN, 3.52953755780374e+30, 3.52953696534134e+30,  3.52953696534134e+30, 3.52953696534134e+30, 3.52953696534134e+30,  -1.88897324474982e+306, -4.51995532914306e-282, NaN, NA, -4.05825046446701e-284,  NaN, 3.52953696534134e+30, 5.82508648364645e-315, 3.52953630161737e+30,  3.52953696534134e+30, 3.52953696534134e+30, 3.52953696534134e+30,  3.52953696534134e+30, 3.52953696534134e+30, 3.52953696534134e+30,  3.52953696534134e+30, 3.52953696534134e+30, 3.52953696534134e+30,  3.52953696534134e+30, 5.00566551725239e+137, 2.97729478123052e-301,  NaN, -1.79769313486232e+308, 1.58456325043273e+29, 0, 6.70550669944532e-312,  -1.38864689061527e-284, 1.42609719941475e-105, 2.33877210470284e-106,  1.42602581597035e-105, -4.52008721515379e-282, -2.53017067698437e-98,  -7.47863404961691e+240, -7.47863579530838e+240, -7.47863579530838e+240,  -7.47863579530838e+240, -7.47863579530838e+240, -7.47863579530838e+240,  -2.53017067698439e-98, -2.53017067698439e-98, 4.84132006207444e-193,  NaN, -2.14524738529635e+110, NaN, NaN, NaN, NaN, NaN, NaN, -1.88911992761567e+306,  -2.34622635343319e-185, -2.35343736826454e-185, -7.03273276063426e-186,  7.29076600773904e-304, -1.88928333538666e+306, 2.64303172668051e-303,  5.43226956695292e-312, NaN, -4.53929314881512e-282, -4.69380318817446e-282,  7.18993085713226e+286, NaN, NaN, NaN, NaN, -2.14555482385488e+110,  1.69988366267639e+139, NaN, -4.63135417059237e-282, -1.49406422996747e-284,  NaN, NaN, NaN, 0), v = c(-7.50698289570547e-104, -1.47402171965427e-284,  -1.27733901625754e+294, NaN, -4.63135417059237e-282, -4.52039376449682e-282,  3.52953871002427e+30, 3.52953696534134e+30, 3.52953696534134e+30,  3.52953696534134e+30, 3.52953696534134e+30, 5.00566551725239e+137,  2.97729478123052e-301, NaN, -1.79769313486232e+308, 1.58456325043273e+29,  0, 2.77448001761239e+180, 2.77448001762435e+180, 1.42602600838735e-105,  2.33877210470284e-106, 1.42602581597035e-105, -4.52008721515379e-282,  -2.53017067698437e-98, -7.47863404961691e+240, -7.47863579530838e+240,  -7.47863579530838e+240, -7.47863579530838e+240, -7.47863579530838e+240,  -7.47863579530838e+240, -2.53017067698439e-98, -2.53017067698439e-98,  4.84132006207444e-193, NaN, -2.14524738529635e+110, NaN, -4.63135276582869e-282,  -7.85989747463676e-283, 5.59504523109256e+141, 5.59504499758297e+141,  -7.84671005535674e+303, -2.35343736826454e-185, -4.63141885650907e-282,  -2.35343736826453e-185, -2.35343736826454e-185, -2.35343736826454e-185,  -4.49423283715577e+306, -8.68264135810763e-280, NaN, 7.29069619590266e-304,  7.05296708970987e-38, NaN, NaN, 7.2911220195564e-304, 2.94057558226062e-306,  NaN, NaN, NaN, NaN, NaN, NaN, NaN, 4.62977865530025e+140, 4.08354848177142e+233,  -2.35343737043552e-185, -2.3899110375014e-185, -2.35343736826454e-185,  -2.35343736826454e-185, -2.35343736826454e-185, -2.35343737008165e-185,  -8.68263918238211e-280, NaN, -4.63135417054247e-282, -4.6313541705684e-282,  9.52683435127471e+139, -4.70946159366576e-282, 9.72929810936697e-309,  5.299467300394e-169))
result <- do.call(nanotime:::nanoduration_subset_numeric_impl,testlist)
str(result)