testlist <- list(idx = c(-2.53017067698439e-98, -2.53017067698439e-98, -4.63099456374933e-282,  -Inf, NaN, NaN, NaN, 2.11600161054116e-309, 9.52157095850553e-307,  -2.53017067698439e-98, -1.62873820146982e-283, 1.9690236649792e-259,  2.77448001857867e+180, 2.77448115379838e+180, 2.33877210600354e-106,  1.42602581545008e-105, NaN, 2.45062521855657e-301, 2.77478590044035e+180,  8.54517724119808e+194, 1.42602581597329e-105, 1.42602581597035e-105,  1.42602581545008e-105, -8.58434322880632e-280, NaN, 7.38250487181076e-104,  -4.63135417059221e-282, -Inf, -2.53017067698439e-98, -2.53017067698439e-98,  4.84132006207444e-193, -1.65655268489012e+304, -1.84557312998898e+306,  NaN, -1.92067917838138e+304, -3.58857056735221e+304, -3.58857131420626e+304,  NaN, -4.63135417074836e-282, -4.51911971627364e-282, 2.9748711539857e-277,  5.00566754308006e+137, NaN, -1.05658905636718e+270, -4.73431065905407e-282,  -4.63092073148219e-282, -1.92282428837004e+304, 4.70096383596241e-193,  NaN, -1.88911993032402e+306, -4.63135247075698e-282, -1.4423644825005e-284,  2.06088843546016e+183, -4.53929314106876e-282, 3.85859404522762e-57,  1.82356948629768e+233, 1.82358749035269e+233, 4.06468644350109e+233,  3.52953631521035e+30, 3.52953696534134e+30, 3.52953696534134e+30,  -Inf, 3.52953696534134e+30, 3.52953696534134e+30, 3.52953696534134e+30,  3.52953696534134e+30, 3.52953696534134e+30, 3.52953696534134e+30,  -1.96337010855397e-278, -4.63099455716583e-282, -8.54407690393838e-263,  3.32653036303808e-111, -4.63135417054697e-282, 7.98357558433189e-304,  2.77448001456303e+180, 2.77448001762435e+180, 1.42607507472144e-105,  4.76925113440165e-303, 0), v = c(3.52953696534134e+30, 3.52953696534134e+30,  3.52953696534134e+30, 3.52953696534134e+30, 3.52953696534134e+30,  3.52953696534134e+30, 3.52953696534134e+30, 3.52953696534134e+30,  3.52953696534134e+30, 6.34625966998233e-307, -1.47419252227175e-284,  NaN, 7.27688154686195e-304, 8.08785462242121e-321, 2.7744800176243e+180,  2.77448001762435e+180, 1.42602581672198e-105, 1.4172969982963e-105,  NaN, -2.62656893668617e+29, NaN, 2.77448001762435e+180, 1.42602581597036e-105,  1.42602581597035e-105, 1.42602581597035e-105, 1.42602581597035e-105,  1.42602581597035e-105, 1.42601083955019e-105, 1.42602581597035e-105,  -1.44222413381264e-284, -2.53017067698121e-98, -2.53017067404639e-98,  -2.53017067698439e-98, -2.53017067698439e-98, 5.59504523349735e+141,  5.59487724463388e+141, 1.6643184226095e-275, -2.61857769782144e+29,  NaN, NaN, -1.88897860206244e+306, -5.49014220572211e+303, NaN,  -2.35343736826457e-185, -2.35343736826454e-185, -2.35343736826454e-185,  -7.21468469529523e+305, 1.41726193274676e-105, 1.42602581597035e-105,  1.42602581597035e-105, 1.42602575746871e-105, 1.39067116162033e-309,  0, 0, 0, 0, 0, 4.70040364299068e-193))
result <- do.call(nanotime:::nanoduration_subset_numeric_impl,testlist)
str(result)