testlist <- list(idx = c(-2.5301706761722e-98, -2.5169539574796e-98, -2.53017067698439e-98,  -2.53017067698439e-98, 6.34625966998243e-307, 3.52953696534134e+30,  3.52953696534134e+30, -Inf, -1.65655268489012e+304, -1.84557312998898e+306,  NaN, 8.89271141589124e-309, 2.72311959207815e+180, Inf, 2.77448001762435e+180,  2.33877210600354e-106, 1.42602581545008e-105, -4.73431065905391e-282,  2.47283943116358e-301, 1.38538490590795e-309, -1.28607082485946e+294,  2.77448001762442e+180, 1.42602581597329e-105, 1.42602581597035e-105,  1.42602581597035e-105, 1.42602581597035e-105, 1.42602581597035e-105,  1.42219185240903e-105, 1.42602581597035e-105, 4.40469547887319e-303,  -2.5301706761722e-98, -2.5301697491913e-98, -2.53017067698439e-98,  -4.73431065905401e-282, 2.47283943116358e-301, 3.89442570780643e-308,  2.77448001764258e+180, 2.77448120488297e+180, 5.29946982737789e-169,  NaN, -5.48612930076931e+303, -1.18454616411917e+111, 1.90136234515698e-256,  -5.86784901002452e+303, NaN, 5.8408188785814e-308, NaN, -8.81442566334537e-280,  NA, 5.00566551725233e+137, 2.97729478123052e-301, NaN, 7.27688154686195e-304,  5.29946731790101e-169, 6.08257876890733e+247, 5.29916032225678e-169,  -4.70814228729066e-284, NaN, -4.73390677932275e-282, -1.47287906811592e-284,  NaN, NaN, 4.70043089971286e-193, 7.06356745855636e-316, 2.11370674490681e-314,  1.17798027775895e-309, 4.94065645841247e-324, 0, -1.14591483456216e+306,  NaN, -6.09716766650547e+303, NaN, -4.70814228725184e-284, NaN,  -5.36274174639226e-205, -4.63135417137321e-282, 1.03383369163534e-111,  4.37549655955817e-303, 4.37931553287108e-303, -2.53708267447372e-265,  0), v = c(-Inf, -4.6313541705684e-282, 1.41105800925413e-137,  2.36170088600597e+244, 1.42602581597285e-105, 1.42603831013177e-105,  2.73730482661576e+180, 2.77448001764251e+180, 2.77448001762435e+180,  Inf, 4.70043089971286e-193, 2.72768114837922e+180, 5.11801228227376e+199,  2.7744800176247e+180, 1.9414860137955e-309, 2.72311959207815e+180,  2.07098978964213e-318, 2.77448001763716e+180, -9.75106598810836e-284,  2.85228819874273e+180, 5.11801228227376e+199, 5.50814852232301e-310,  2.77448001456303e+180, 2.77448001762435e+180, 1.42607507472144e-105,  1.42602581597035e-105, 2.7400357965936e+180, -1.60301940610309e-180,  1.42607507472911e-105, 4.37931553287109e-303, 9.01352474267588e-280,  1.42602611274255e-105, 1.42602581597035e-105, 1.42602581597035e-105,  1.42602581597035e-105, 1.42602581597035e-105, 1.42602581597328e-105,  1.42602581597035e-105, 9.34560278754331e-101, 1.42602581597035e-105,  1.42602581597035e-105, 4.7005799144227e-193, 1.50936040306089e-190,  -4.52008675129888e-282, 1.42602581597035e-105, 1.42602581597035e-105,  1.42602581597035e-105, 1.42602581597035e-105, 1.43858679749838e-105,  NaN, 9.09714287689244e-174, -4.6313541705685e-282, 8.26563118745958e-312,  2.9748711532791e-277, 2.79099402216644e+180, 3.11517888327193e+180,  NaN, 1.39033164224044e-309, 2.64303172669452e-303, 8.88056411410557e+252,  2.64303106673974e-303, -4.54265543144261e-282, -4.03592311067541e-284,  NaN, 3.52953696535038e+30, 3.52953696534134e+30, 3.52953696534134e+30,  3.52953696534134e+30, 3.52953696534134e+30, -4.63135276582855e-282,  5.56442206788348e+141, 4.62977865530011e+140, 4.08354848177142e+233,  3.52953696534134e+30, 3.52953696534134e+30, -4.63135417056833e-282,  -4.6313541705684e-282, -1.65655268489012e+304, -1.84557312998898e+306,  NaN, 8.89271141589124e-309, 2.72311959207815e+180, 2.77448001762435e+180,  2.77448001762435e+180, 2.33877210600354e-106, 1.42602581545008e-105,  -4.73431065905391e-282, 2.47283943116358e-301, 1.38538490590795e-309,  -1.28607082485946e+294, 2.77448001762442e+180, 1.42602581597329e-105,  0))
result <- do.call(nanotime:::nanoduration_subset_numeric_impl,testlist)
str(result)