testlist <- list(idx = c(-4.53929313631512e-282, -1.24543976195709e-283,  -4.63110033958925e-282, 1.426026508097e-105, 3.72808033363296e-35,  5.9800821663301e+197, 2.7744800176247e+180, 1.9414860137955e-309,  2.72311959207815e+180, 2.07098978964213e-318, 2.77448001761239e+180,  2.77448001762435e+180, 1.42602600838735e-105, 1.42602581597035e-105,  1.42602581597035e-105, 1.42602581597035e-105, 1.42602581597035e-105,  1.42602581597035e-105, 1.42602581597035e-105, 1.42602581597036e-105,  1.42602581597035e-105, -Inf, 1.42602581597035e-105, 1.42602581597035e-105,  1.42219185240903e-105, 1.42602581597035e-105, 1.42602581597035e-105,  1.42602581597035e-105, -8.54407733003711e-263, NaN, NaN, NaN,  2.11600161054116e-309, -4.53929314881492e-282, 2.52876819348037e-52,  1.82356948629768e+233, 4.06504031320519e+233, NaN, -4.63091901884408e-282,  -4.63127501578362e-282, -4.56242422134212e-282, 4.08347508319697e+233,  NaN, NaN, -4.0356857617921e-284, NaN, 4.70147386239937e-193,  2.02387858739222e-36, 2.02057250952392e-36, -2.46921165038524e-98,  -4.03602097569101e-284, NaN, -6.41529347867303e+307, NaN, -4.63135416508114e-282,  5.59492603204879e+141, 5.55193248966735e+141, -1.51467241886661e+166,  -2.61838372073808e+29, NaN, NaN, -1.88897860206244e+306, NaN,  NaN, -3.58857131417445e+304, NaN, -4.63135247075698e-282, NaN,  NaN, 7.2911220195564e-304, -4.63175477336021e-282, -4.63135246462019e-282,  -1.4423644825005e-284, NaN, -4.73390848527082e-282, 2.64303172669452e-303,  -4.54265543144261e-282, 2.50472028644692e-301, -4.6313527658285e-282,  -4.56637343990552e-282, -6.64358868118377e+304, 8.59474930347779e-174,  2.77448002229175e+180, -Inf, 0), v = c(3.52953696534134e+30,  3.52953696534134e+30, 3.52953696534134e+30, 3.52953696534134e+30,  3.52953696534134e+30, 3.52953696534134e+30, 4.79718756556957e+30,  3.52953696534134e+30, 3.52953696534134e+30, 3.52953696534134e+30,  3.52953696534134e+30, 6.34625966998233e-307, -1.47419252227175e-284,  NaN, 7.27688154686195e-304, 8.08785462242121e-321, 2.7744800176243e+180,  2.77448001762435e+180, 1.42602581672198e-105, 1.4172969982963e-105,  NaN, -4.6313541705685e-282, 2.45062521497121e-301, 2.77478590044035e+180,  1.43863605624947e-105, 1.42602581597035e-105, 1.42602581597035e-105,  1.42602581597035e-105, 1.42602581597035e-105, 7.27730038429414e-308,  1.42602581596946e-105, 1.42602581597035e-105, -4.91977451282742e-99,  -2.53017067698439e-98, NaN, NaN, 4.55695126222275e-303, -2.87777398095088e+76,  7.20624134871749e-38, -8.58742655731794e-98, -2.53017067698439e-98,  -2.53017067698439e-98, -4.03602097569101e-284, NaN, -6.41529347867303e+307,  NaN, -4.63135416508114e-282, 5.59492603204879e+141, 5.55193248966735e+141,  -1.51467241886661e+166, -2.61838372073808e+29, NaN, NaN, -1.88897860206244e+306,  NaN, NaN, -1.88911992761567e+306, NaN))
result <- do.call(nanotime:::nanoduration_subset_numeric_impl,testlist)
str(result)