testlist <- list(idx = c(-2.53017067336019e-98, -2.53017067698439e-98, -2.53017067698439e-98,  -1.46100687897519e-101, 4.84132006207444e-193, 7.5062741663528e-104,  6.8224184939171e-38, 1.4260258159711e-105, 2.08445625891013e+183,  NaN, NaN, NaN, 2.77432885704235e+180, 2.77448001483492e+180,  3.16451808210422e+180, 2.77448001762435e+180, 2.77427940175246e+180,  2.77448120790191e+180, 8.36654822864507e-148, 2.77448001762435e+180,  2.77448120488297e+180, 8.54516053304152e+194, 2.77448001762435e+180,  2.77448001761633e+180, 2.85277138347576e+180, 2.72642213313138e+180,  1.97718940857218e+179, 3.52953696534583e+30, 3.52953696534134e+30,  3.52953696534134e+30, 3.52953696534134e+30, 3.52953696534134e+30,  5.00566551725239e+137, 2.97729478123052e-301, NaN, -1.79769313486232e+308,  1.58456325043273e+29, 0, 1.42602581596826e-105, -1.44222413381264e-284,  -2.53017067698121e-98, NaN, NaN, NaN, -4.51995532914306e-282,  -1.88911993032406e+306, NaN, -7.47863578852144e+240, 1.71660971505919e-309,  3.7381240822921e-306, -7.29314078601105e+240, -7.47863579530838e+240,  -5.25082132330184e-97, -2.53017067698439e-98, -2.53017067698439e-98 ), v = c(8.90389806695633e+252, 1.17798024357009e-309, 0, -5.82766743733431e+303,  NaN, 3.23706870498726e-319, 1.7974552578109e-314, 0, NaN, NaN,  2.77448001762435e+180, 2.77448004087243e+180, 2.77448001762435e+180,  4.94065645841247e-324, 1.35724515098606e-313, 2.77447923392645e+180,  2.77448001762435e+180, 1.43863605624947e-105, 1.42602581597035e-105,  4.7005799144227e-193, 1.50936040306089e-190, -4.52008675129888e-282,  1.42602581597035e-105, 1.42602581597035e-105, 1.42602581597035e-105,  1.42602581597035e-105, 1.43858679749838e-105, 1.42602581597035e-105,  1.42602581597035e-105, 1.42602581921892e-105, 1.42602581597035e-105,  1.42602581597035e-105, 4.37931553287109e-303, 9.01352474267588e-280,  4.55657886662528e-303, 1.42610178965714e-105, 1.42602581597035e-105,  1.42602581597035e-105, 1.42602581597035e-105, 1.42602581597035e-105,  1.42602581671905e-105, NaN, NaN, -4.63135417666046e-282, 2.51066155646486e-301,  -1.88909110654221e+306, -4.63099455717821e-282, -1.86340302529275e+306,  -4.6313541705684e-282, 1.41729699830286e-105, -1.4728790681058e-284,  NaN, -4.63135417670509e-282, 4.11365537339796e-300, -1.76065584363838e-282,  2.85278601852153e+180, 8.15346395905966e+141, 1.42602581597036e-105,  1.42602581597035e-105, 1.42602581597035e-105, 1.42602581597035e-105,  1.42602581597035e-105, 1.42602581597035e-105, 1.42601083955019e-105,  1.42602581597035e-105))
result <- do.call(nanotime:::nanoduration_subset_numeric_impl,testlist)
str(result)