testlist <- list(idx = c(1.1306282067414e-114, -4.63135417054697e-282, 5.59504518815881e+141,  5.59487724463388e+141, 3.55563565416682e+30, 3.52953696534134e+30,  3.52953696534134e+30, 3.52953696534134e+30, -4.53929313950949e-282,  3.91550026751673e-306, -4.63101094764176e-282, -1.62873820146982e-283,  1.9690236649792e-259, 1.42602611274255e-105, 2.74945984661761e-105,  8.67893629335147e-174, 2.77448120790191e+180, 2.77448001762435e+180,  2.77448001762435e+180, 7.14427376416442e-116, 2.69752318281393e-265,  2.77448001762435e+180, 2.77448004087243e+180, 2.77448001762435e+180,  4.94065645841247e-324, 1.35724515098606e-313, 2.77447923392645e+180,  2.77448001762435e+180, 1.43863605624947e-105, 1.42602581597035e-105,  4.7005799144227e-193, 1.50936040306089e-190, -4.52008675129888e-282,  1.42602581597035e-105, 1.42602581597035e-105, 1.42602581597035e-105,  1.42602581597035e-105, 1.43858679749838e-105, 1.42602581597035e-105,  1.42602581597035e-105, 1.42602581921892e-105, 1.42602581597035e-105,  1.42602581597035e-105, 1.42602581574183e-105, 1.42602581597035e-105,  -4.55455875702581e-282, 2.33763242959132e-106, 1.42602581597035e-105,  -1.47419252227313e-284, -8.81442566337168e-280, -4.6313541705684e-282,  NaN, -4.63175341996929e-282, -4.56242422134212e-282, 3.97479881673592e+233,  5.59492603204513e+141, 5.55193248966735e+141, 2.08391816263574e+31 ), v = c(2.64286207018641e-303, -4.54265543144261e-282, -4.63135247075698e-282,  4.48260453173315e-303, -4.53972777462648e-282, 7.12445695625117e-193,  1.41440551468774e+190, 5.25672646571097e+83, 5.25663347308138e+83,  5.25663347308138e+83, 5.25663347308138e+83, 5.25663347308138e+83,  5.25663347308138e+83, 5.25663347308138e+83, 5.25663347308138e+83,  5.25663347308138e+83, 5.25663347308138e+83, 5.25663347308138e+83,  5.25663347308138e+83, 5.25663347308138e+83, -4.67805026477843e+305,  NaN, 4.70043089971286e-193, NaN, 4.47031244885712e-306, 1.17798027775895e-309,  4.94065645841247e-324, 0, -1.14591483456216e+306, NaN, NaN, NaN,  -5.90505996976572e+303, -4.52039375925985e-282, 1.42602567935747e-105,  1.42602581597035e-105, -4.91977451282742e-99, 1.73121302936421e-146,  -2.53017067698439e-98, -2.53017067698439e-98, -2.53017067698439e-98,  -5.6100461401779e+303, -1.87638640317279e+106, NaN, -4.53929314881512e-282,  6.52895456455223e-38, 1.82356948629768e+233, 4.06504031320519e+233,  9.52913756985416e+139, NaN, 8.64899803453253e-174, 2.64303173207904e-303,  -5.86784900032577e+303, NaN, -2.35358101068203e-185, -2.35343736826454e-185,  -2.35343736826454e-185, -2.35343736826454e-185, -2.35343736826454e-185,  -4.49423283715577e+306, -8.68264135810763e-280, NaN, 7.29069619590266e-304,  -1.65655268275822e+304, -1.84557312998898e+306, NaN, 8.89271141589124e-309,  2.72311959207815e+180, 2.77448001762435e+180, 2.77448001762435e+180,  2.33877210600354e-106, 1.42602581545008e-105, -4.73431065905391e-282,  2.47283943116358e-301, NaN, -1.88897324854573e+306, -1.42903553274004e-284,  3.52953696534134e+30, 3.52953696534134e+30))
result <- do.call(nanotime:::nanoduration_subset_numeric_impl,testlist)
str(result)