testlist <- list(idx = c(-5.35532433029035e+305, 2.61933855397869e-314, -3.73848533085555e-306,  2.77448022324806e+180, 1.42607507472144e-105, 4.76925113440165e-303,  1.42602581597035e-105, -5.88280285816585e+303, -1.42903553274004e-284,  -9.28971332011359e-282, -7.47863310203653e+240, -7.47863579530838e+240,  2.77448001764093e+180, 4.44686961604513e-303, 2.73527866397442e+180,  2.77447930353028e+180, 8.54516053304152e+194, 2.77448001762435e+180,  2.96247255503426e-314, 2.77447923392645e+180, 2.96439387504748e-323,  -4.604349189982e-282, 1.15237773711161e+141, -4.53929314066641e-282,  -1.42903553274004e-284, NaN, -4.63135417054247e-282, 2.77448001763003e+180,  2.77448001762442e+180, 2.77434546988595e+180, 6.24005674332544e-302,  2.77448001762442e+180, 2.7744859691329e+180, 2.77448001762435e+180,  2.77448001761633e+180, 2.85277138347576e+180, 2.97487115293086e-277,  3.16451808210422e+180, 8.40476733930983e-315, 0, 0, NaN, 4.55695126220244e-303,  -4.53929313631512e-282, -4.73365444625107e-282, NaN, NaN, 3.23706870498726e-319,  0, 0, NaN, NaN, -4.6313527658286e-282, -4.56637343990552e-282,  7.11750305497156e-38, 7.14427376413545e-116, 6.34588959956792e-307,  -4.63135416393635e-282, 2.11600161054116e-309, 1.0207570827379e-302,  -1.34497461904945e-284, -1.40444776423779e+306, -2.14555482474474e+110,  NaN, 8.64899800465669e-174, NaN, NaN, NaN, -4.6313541705685e-282,  2.45062521497121e-301, -1.65682017160107e+304, NaN, NaN, NaN,  NaN, NaN, NaN, -4.63091901884408e-282, -4.63135246464417e-282,  -1.4423644825005e-284, -2.53017067698434e-98, 1.2435707822383e-104,  4.85783080582001e-33, 1.4260258159711e-105, 2.08445625891013e+183,  2.77448001762435e+180, 2.77448001762435e+180, 4.7008275338153e-193 ), v = c(-8.56496650186801e-280, NaN, NaN, 3.47371539683202e-311,  2.26653603160964e-317, 2.77427939096206e+180, 2.77448001762435e+180,  1.86580260238231e-104, 1.41729699829834e-105, 1.42602581596832e-105,  3.32022508599412e-115, -2.53001838700243e-98, -3.60339532803263e+239,  -7.47863579530838e+240, -7.47863579530838e+240, -7.47863579530838e+240,  -7.47863579530838e+240, -7.47863579530838e+240, -2.53017067848052e-98,  -2.53017067698439e-98, -2.53017067698439e-98, NaN, 6.41707824115573e-307,  -Inf, -4.0356857617921e-284, 2.14255173528071e-52, 5.59504565543765e+141,  -7.47863578086932e+240, -7.47863579530838e+240, -2.53017067848052e-98,  -2.53017067698439e-98, Inf, 6.34625966998243e-307, 6.41707824115573e-307,  NaN, -4.0356857617921e-284, 1.4444695942403e-71, 5.59504565543764e+141,  1.82356948629441e+233, -2.3898603784268e-185, -Inf, -2.53017067698439e-98,  -2.35343736826454e-185, -2.53017057849627e-98, -2.53017067698439e-98,  -2.53017067698439e-98, 5.19053912375677e-116, -2.35343736826454e-185,  -2.35343736826454e-185, -2.35343736826228e-185, -1.88911992761567e+306,  -8.56492026240108e-280, NaN, NaN, 7.29112034912131e-304, NaN,  NaN, 0))
result <- do.call(nanotime:::nanoduration_subset_numeric_impl,testlist)
str(result)