testlist <- list(idx = c(1.42602581597035e-105, 1.42602581597035e-105, 1.42219185240903e-105,  1.42602581597035e-105, 4.40469547887319e-303, -2.5301706761722e-98,  -2.53016992485836e-98, -2.53017067698439e-98, -2.53017067698439e-98,  -4.53929482488461e-282, NaN, 6.13624638362706e-92, 2.8524860475971e+180,  2.77448001762435e+180, 2.77434546988595e+180, 6.24005674332544e-302,  2.77448001762442e+180, 2.7744859691329e+180, 2.77448001762435e+180,  2.77448001761633e+180, 2.85228818328458e+180, 2.97487115293086e-277,  3.16451808210422e+180, -8.54407873151312e-263, NaN, -1.79769313486232e+308,  NaN, 1.55446478214368e+161, NaN, 8.64899803453253e-174, 3.83096767923454e-306,  -8.68208235304412e-280, 2.51066212664003e-301, 5.28606345335646e-303,  2.77478472867893e+180, -4.63135276582857e-282, -1.47287906811592e-284,  -5.96481528652967e+303, 2.77448001762435e+180, 2.77448004087243e+180,  2.77448001762435e+180, 2.77448001762432e+180, 2.77478395577146e+180,  4.56282545947862e+178, 4.34654577346434e-114, 2.85248604760576e+180,  2.77448001762435e+180, 2.77448001762435e+180, 2.77448001762435e+180,  2.77448001761345e+180, 2.77600360381372e+180, 2.77448001762435e+180,  4.52035481349532e-319, 8.89484182150226e-309, 2.72311959207815e+180 ), v = c(2.97729478209969e-301, NaN, -1.79769313486232e+308,  0, 0, 0, NaN, NaN, -1.42903553274004e-284, NaN, -4.70814228729074e-284,  NaN, -8.81442146035705e-280, -2.14555505166055e+110, -6.09426191388412e+303,  2.64303034746572e-303, -Inf, NaN, -1.92067917838138e+304, -1.53721745105786e+173,  4.37929328213263e-303, 4.37493054588839e-303, -4.63135417056832e-282,  -5.83104209270679e+303, -2.57491679250193e+29, NaN, 2.45062521497121e-301,  NaN, NaN, NaN, 7.2911220195564e-304, -4.63175477336021e-282,  NaN, 4.70147386239937e-193, -4.63099455715335e-282, -3.05879284975431e+231,  -7.88040123927934e+115, 5.43237943796294e-312, 0, 0, -1.88928327567842e+306,  NaN, NaN, -8.56496649594156e-280, NaN, NaN, 3.23706870498726e-319,  1.7974552578109e-314, 0, NaN, -8.68315614058326e-280, 4.70147384606912e-193,  2.02387858739222e-36, 5.59504565543071e+141, 5.59504565286792e+141,  NaN, 7.2911220195564e-304, -1.07567526622439e-204, -4.6309190127074e-282,  -4.63135382289021e-282, -4.63108490934673e-282, NaN, -4.51995532914306e-282,  1.07232120219825e+234, -4.63093834145408e-282, 2.97729478123057e-301,  NaN, -1.79769313486232e+308, 2.07049078333983e-318, 2.77448001761239e+180,  2.77448001762435e+180, 1.42602600838735e-105, 2.33877210470284e-106,  2.73940410706983e-192, 1.42602581597035e-105, 1.42602581597035e-105,  -2.53011744961937e-98, -Inf, 0))
result <- do.call(nanotime:::nanoduration_subset_numeric_impl,testlist)
str(result)