testlist <- list(idx = c(-4.6313541705684e-282, NaN, -Inf, 1.41440551469254e+190,  -5.82766743733444e+303, -8.81442566340249e-280, 6.07857671424914e+199,  1.3332361453026e-319, -5.82766743733431e+303, 6.07857978433548e+199,  3.84706424689863e+202, 6.07857763730461e+199, 6.07857763730461e+199,  6.07857763730461e+199, 6.07857763730461e+199, -1.37958793645146e-284,  -4.53929397500407e-282, -4.63132254470994e-282, NaN, NaN, 4.37931553287123e-303,  3.52669049299806e-38, -1.89301434446754e-284, NaN, 5.4309829774968e-312,  0, 0, NaN, -1.88912057112823e+306, NaN, NaN, 1.57485654940091e-301,  -2.28998898967065e+226, -1.51856152242486e-101, 6.34625966998243e-307,  6.41707824115573e-307, -4.0356857601809e-284, NaN, -4.53929314881512e-282,  4.27881566342495e-33, 1.82356948629768e+233, 4.06504031320519e+233,  9.52913756985416e+139, NaN, 8.64899803453253e-174, 2.64303173207904e-303,  0), v = c(-4.6313541705425e-282, NaN, 1.36988084313025e-192,  1.3202428078733e-192, -1.70447452904008e+289, -1.70447452905271e+289,  -1.70447452905271e+289, -1.70447452905271e+289, -1.49406548489758e-284,  6.41617402866805e-302, 4.44686961604523e-303, 5.11801227698974e+199,  -1.15108710188881e-282, NaN, NaN, 7.14427376420902e-116, 5.19053912375677e-116,  1.39033160273682e-309, -1.00252001940719e+120, 3.23790861658519e-319,  0, -4.63091573521464e-282, 7.74952204936158e-304, 2.77478590044041e+180,  1.43863605624947e-105, 1.42602581599573e-105, 1.42602581597035e-105,  1.42602581597035e-105, -2.25949410741687e+226, 5.13386139530841e-169,  2.02387858739222e-36, 2.02057250952392e-36, 1.74769170822558e-113,  1.42602581597035e-105, 1.42610149455345e-105, -4.91977451282742e-99,  1.73121302936421e-146, -2.53017067698439e-98, -2.53017067698439e-98,  -2.53017067698439e-98, -5.6100461401779e+303, -1.87638640317279e+106,  NaN, -4.53929314881512e-282, 6.52895456455223e-38, 1.82356948629768e+233,  4.06504031320519e+233, 1.3906505122708e-309, NaN, -4.54349237220553e-282,  5.29946982733959e-169, 2.64303106673974e-303, NaN, -2.39020982714367e-185,  -2.35343736826454e-185, -2.35343736826454e-185, -2.35343736826454e-185,  -2.35343736826454e-185, -2.35343736826228e-185, -1.88911992761567e+306,  NaN, -1.88911937826054e+306, -5.48612408923109e+303, -4.63135416508114e-282,  5.5949376387103e+141, 5.55193248966735e+141, -1.51467241886661e+166,  -9.68343704282591e+119, 1.38536617236385e-309, NaN, 2.64303172668051e-303,  5.29946982265531e-169, 2.64303106673974e-303, NaN, -2.39020982714367e-185,  -2.35343736826454e-185, -2.35343736826454e-185, -2.35343736826454e-185,  -2.35343736826454e-185, 1.48506515030553e-313, NaN, NaN, 2.51047607207203e-301,  5.42215693128037e-312, -3.40841152022352e+192, 4.70137313586679e-193 ))
result <- do.call(nanotime:::nanoduration_subset_numeric_impl,testlist)
str(result)