testlist <- list(idx = c(1.42602581597035e-105, NaN, NaN, Inf, 1.0207570827379e-302,  -1.34497461904945e-284, 2.84809454421574e-306, 1.60422052892369e-312,  -7.36476984725304e+240, -7.47863579530838e+240, -7.47863579521135e+240,  -7.47863579530838e+240, -7.47863579530838e+240, 3.8024999556796e-311,  NaN, NaN, -4.54349238497643e-282, -5.61004614021189e+303, -1.87638640317279e+106,  -Inf, -4.53929314881512e-282, 3.31735532400038e-33, -2.35343736697524e-185,  3.07060192473994e-307, -8.97765109353842e-188, 9.11375585209642e-306,  -2.35343666359783e-185, 6.85765508601706e+301, NaN, -1.88911992760585e+306,  NaN, NaN, 1.38523885234216e-309, -1.88928333538662e+306, 2.64303172668051e-303,  1.75605059841081e-313, 0, 3.52953630161737e+30, 3.5295369653376e+30,  3.52953696534134e+30, 3.52953696534134e+30, -Inf, 3.52953696534134e+30,  3.52953696534134e+30, 3.52953696534134e+30, 3.52953696534134e+30,  3.52953696534134e+30, 3.52953696534134e+30, NaN, 2.97729478123052e-301,  NaN, -1.79769313486232e+308, 1.58456325043273e+29, -4.63135416508114e-282,  -4.63110033958925e-282, 8.82940580253156e-303, -2.53017067698117e-98,  NaN, NaN, NaN, -9.3633527093844e-97, -7.47863579530838e+240,  -7.47862943619428e+240, -7.47863579530838e+240, -7.47863579530838e+240,  -7.47863579530838e+240, -2.53017105999372e-98, -2.53017067698439e-98,  -2.53017067698439e-98, 5.00566551728018e+137, 1.71185056346095e+139,  NaN, 4.70147386239937e-193, 1.32636907103337e-31, -2.35335287272181e-185,  -2.35343736826454e-185, 3.70549234380935e-322, -7.03273276063415e-186,  7.29076600773904e-304, -1.88928333538666e+306, 2.64303172668051e-303,  5.43226956695292e-312, 3.83096767923446e-306, -8.68208235304412e-280,  6.86968745609112e-145, 2.91661350168153e-301, 5.43226940684107e-312,  0), v = c(-9.23923411592227e+32, -9.23923411592227e+32, -9.23923411592227e+32,  -9.23923411592227e+32, -9.23923411592227e+32, -9.23923411592227e+32,  -9.23923411592227e+32, -9.23923411592227e+32, -9.23923411592227e+32,  -9.23923411592227e+32, -9.23923411592227e+32, -1.46643295044703e-238,  -1.46643295044703e-238, -1.46643295044703e-238, -1.46643295044703e-238,  -1.46643295044703e-238, -1.46643295044703e-238, 5.43930211936882e-306,  -4.03492385714836e-284, 4.37894635873564e-303, -2.53011744963038e-98,  -4.03602097569101e-284, NaN, -6.41529347867303e+307, NaN, -4.63135416508114e-282,  9.57127506812781e+281, 9.61276249046606e+281, 9.61276249046606e+281,  9.61276249046606e+281, 9.61276249046606e+281, 5.61671450212673e+141,  -2.35343736826454e-185, 6.26651881722993e-315, -2.35343666359783e-185,  -2.35343736826228e-185, -1.88911992761567e+306, NaN, NaN, NaN,  NaN, -3.64657039298117e+239, -7.47863579530838e+240, -7.47863577046809e+240,  -7.47863579530838e+240, -5.48612408810904e+303, -4.63135417056832e-282,  -3.06886287001532e-282, -4.52013934347538e-282, -2.53017067698439e-98,  6.34625966998243e-307, 6.41707824115573e-307, NaN, 8.70018274290821e-313 ))
result <- do.call(nanotime:::nanoduration_subset_numeric_impl,testlist)
str(result)