testlist <- list(idx = c(1.42602581597035e-105, 1.42602581597035e-105, 4.37931553287109e-303,  9.01352474267588e-280, 1.42602611274255e-105, 1.42602581597035e-105,  1.42602581597035e-105, 1.42602581597035e-105, 1.42602581597035e-105,  1.42602581597328e-105, NaN, -4.63175341996929e-282, -4.56242422134212e-282,  -1.72172020115246e-282, 8.35229260084749e-309, NaN, -4.63135417054247e-282,  2.13915649147027e-192, -4.63135259288707e-282, -3.06886287001532e-282,  3.44538737058699e+178, 1.86580260238231e-104, 1.42602581597035e-105,  1.42602581597035e-105, 1.42602581597035e-105, 1.42602581597035e-105,  1.42602581597035e-105, -4.03568361827752e-284, 7.20624134871741e-38,  7.20620099132156e-38, 4.08312639113571e+233, -2.53017067698433e-98,  -2.53017067698439e-98, 4.84132006207444e-193, -4.53929314267843e-282,  -1.42903553274004e-284, NaN, -4.63135417054247e-282, 2.13915649147027e-192,  -6.41529364875682e+307, 6.98158070529376e-310, -1.25324229012366e-304,  -1.40444910099359e+306, -4.63091901884408e-282, -4.6314069146711e-282,  -1.88722667967569e+306, NaN, NaN, NaN, 4.55695126222275e-303,  2.23496657527556e-301, 1.78671105347022e-113, NaN, -4.63135416392851e-282,  -4.51995532914297e-282), v = c(-1.06532120160053e-314, 4.92763190573176e-299,  6.95335580946053e-310, 4.70147167593208e-193, -4.62671440216821e-282,  -3.1899566758958e-248, -Inf, -3.18995667589651e-248, -3.18995667589651e-248,  -3.18995667589651e-248, -3.18995667589651e-248, -3.18995667589651e-248,  -3.18995667589651e-248, -3.21789070585371e-248, -3.18995667589651e-248,  5.0818941772337e-306, 0, 0, NaN, 3.44437263699475e+178, 3.80261645741006e-310,  0, 1.42602581597035e-105, -4.63091953402381e-282, -2.53017067698439e-98,  NaN, NaN, NaN, -7.36476984725304e+240, -7.47863579530838e+240,  -7.47863579521135e+240, -7.47863579530838e+240, -7.47863579530838e+240,  -7.47863579530838e+240, -2.53017067699023e-98, -2.53017067698439e-98,  -2.53017067698439e-98, -5.6100461401779e+303, 6.41707499184967e-307,  NaN, -1.64614799999e+304, NaN, NaN, -4.63091901884408e-282, 4.48260465124395e-303,  -2.53017067697306e-98, 1.42602597955699e-105, 2.74562600645101e-105,  8.67893629335147e-174, 2.77448120790191e+180, 2.77448001762435e+180,  2.77448001762435e+180, 7.14427376416442e-116, 2.69752318281393e-265,  2.77448001762435e+180, 2.77448004087243e+180, 2.77448001762435e+180,  4.94065645841247e-324, 1.35724515098606e-313, 2.77447923392645e+180,  2.77448001762435e+180, 1.43863605624947e-105, 1.42602581597035e-105,  4.7005799144227e-193, 1.50936040306089e-190, -4.52008675129888e-282,  -Inf, 0))
result <- do.call(nanotime:::nanoduration_subset_numeric_impl,testlist)
str(result)