testlist <- list(idx = c(1.62602417058648e-260, -5.86784901002452e+303, -1.88897860206244e+306,  2.61933855397869e-314, NaN, 1.02317907343436e-316, 2.94057558226062e-306,  -1.88722667967529e+306, -1.42903553274004e-284, 3.52953696534134e+30,  3.52953696534134e+30, 3.52953696534134e+30, 3.52953696534134e+30,  1.1306282067414e-114, -4.63135417054697e-282, 5.59504518815881e+141,  5.59487724463388e+141, 3.55563565416682e+30, 3.52953696534134e+30,  3.52953696534134e+30, 3.52953696534134e+30, -4.53929313950949e-282,  -4.73354937010896e-282, NaN, NaN, 1.3569200768383e-313, 4.70082587799176e-193,  -4.63099455715335e-282, -8.54407690393838e-263, NaN, -1.79769313486232e+308,  -9.68343704282591e+119, 2.74265721319393e-319, 0, NaN, NaN, 1.02317907343436e-316,  2.94057558226062e-306, 1.42602581705958e-105, 1.42602581597035e-105,  4.70043089971286e-193, -4.6313541705684e-282, 8.26563129117384e-312,  -4.52008721515395e-282, 4.14102237513428e+233, -2.53017067697023e-98,  -2.53017067698439e-98, 1.29119766512916e-300, 5.07633154747944e-116,  -1.53732774695201e+173, -4.6313541705684e-282, -4.5434891142498e-282,  NaN, -4.63135247075698e-282, 4.66457258752214e-193, NaN, -8.81442566340249e-280,  NaN, 3.64449547565616e+30, 3.52953696534134e+30, 3.52953696534134e+30,  -4.63099455716583e-282, 9.63143094725076e+140, 5.49680333272107e-138,  4.08347646555132e+233, 3.52953696534137e+30, 3.52953696534134e+30,  3.52953696534134e+30, 3.56526731573457e+30, -1.88928276239614e+306,  8.64899800465669e-174, NaN, NaN, 5.61585238768303e-275, -5.48612406879369e+303,  NaN, 5.29946982737798e-169, -1.88911992762633e+306, 4.55695126222275e-303 ), v = c(1.1306282067414e-114, 5.19053912375677e-116, 2.96249386535379e-277,  NaN, 3.44437263699475e+178, 3.80261645741006e-310, 0, 1.42602581597035e-105,  8.67072322620321e-174, -5.59896363658004e-258, NaN, NaN, NaN,  -7.36476984725304e+240, -7.47863579530838e+240, -7.47863579521135e+240,  -7.47863579530838e+240, -7.47863579530838e+240, -7.47863579530838e+240,  -2.53017067699023e-98, -2.53017067698439e-98, -2.53017067698439e-98,  -5.6100461401779e+303, -1.87638640317279e+106, NaN, -4.53929314881512e-282,  3.31735532400038e-33, -2.35343736697524e-185, 3.07060192473994e-307,  -8.97765109353842e-188, -2.35339949379898e-185, -4.51995532401239e-282,  NaN, 7.27688154686195e-304, 2.44758124435857e-307, 0, 1.42602581597035e-105,  -4.52008721515379e-282, -2.53017067698437e-98, NaN, NaN, NaN,  4.70147386239937e-193, -4.63099455715335e-282, -8.54407690393838e-263,  NaN, -1.79769313486232e+308, -9.68343704282591e+119, 2.74265721319393e-319,  0, NaN, 6.34667389557961e-307, 6.41707824115573e-307, NaN, -4.0356857617921e-284,  1.4444695942403e-71, -2.35343703820382e-185, 1.56927543384667e+56,  2.87284834993229e-188, 7.14427376420487e-116, 4.62917957267553e-311,  1.38523885234213e-309, -1.00252001940719e+120, 3.23790861658519e-319,  0, 2.72311959207815e+180, 2.77478472867896e+180, 2.77448001762435e+180,  2.77448001762432e+180, 2.77478395583184e+180, 1.41440551469254e+190,  2.77448001762435e+180, 2.77448001557131e+180, 2.12185580319767e+183,  4.56282545947862e+178, 4.34654577346434e-114, 1.42602581672198e-105,  7.73131694183639e-104, -8.79771633166465e-284, NaN, 1.42602581615861e-105,  1.42602600763572e-105, NaN, 4.70043089971286e-193, 6.97978791741515e-116,  -4.6313541705683e-282, -5.48613202960365e+303, -2.59888910925988e+171,  -4.63135417529667e-282, 2.31713892820149e-106, 1.42602581597035e-105,  4.7005799144227e-193, 8.67072322595148e-174, -5.59896363658004e-258,  -4.53929264241218e-282))
result <- do.call(nanotime:::nanoduration_subset_numeric_impl,testlist)
str(result)