testlist <- list(idx = c(-4.03568420860075e-284, -4.63147426011782e-282,  -1.84557312997835e+306, NaN, -4.54265543144261e-282, NaN, -1.9311156669834e+306,  -2.14555482474474e+110, NaN, NaN, -1.18500279885944e+306, NaN,  -2.145555054329e+110, -2.14555505342871e+110, -6.41529347867299e+307,  NaN, NaN, NaN, -6.30904267911274e+304, NaN, NaN, Inf, NaN, NaN,  NaN, -4.0356857617921e-284, 5.00566551725233e+137, -1.79758855258975e+308,  -9.68343704282591e+119, 2.1220232175374e-314, 0, NaN, NA, NaN,  NaN, NaN, NA, -4.70814228729074e-284, NaN, -8.81442146035705e-280,  NA, -6.09426191388412e+303, 2.64303034746572e-303, NaN, Inf,  -1.92067917838138e+304, -1.53721745105786e+173, 4.37929328213263e-303,  2.6303259350264e-192, -1.89301434446754e-284, NaN, -2.57491679250193e+29,  NaN, 8.82164377195757e-174, NaN, NaN, -4.56198907630779e-282,  -4.63135417668101e-282, -5.83104209270679e+303, NaN, 4.70147386239937e-193,  -4.63099455715335e-282, -3.05879284975431e+231, -7.88040123927934e+115,  5.43237943796294e-312, 0, 0, -1.88928327567842e+306, NaN, NaN,  -2.52998071245867e-98, -1.38879397488072e-284, 1.42602581597285e-105,  1.42603833938165e-105, NaN, NaN, NaN, -6.30904267911274e+304,  NaN, NaN, NaN, NaN, -4.63135417059237e-282, 5.59504518815881e+141,  5.59487724463388e+141, 2.10066517939321e-304, 9.5883989837635e-302,  1.42602581597035e-105, NaN, -4.63091901884408e-282, 0), v = c(NaN,  7.2911220195564e-304, 3.52953696534138e+30, 3.52953696534134e+30,  3.52953696534134e+30, NA, 3.52953696534134e+30, -4.63135416508114e-282,  5.59492603204879e+141, -3.19714120500954e+305, NaN, NaN, NaN,  4.08347646555146e+233, NaN, NaN, 3.52953696536811e+30, 3.52953696534134e+30,  3.52953696534134e+30, 4.70069742871071e-193, -1.65655268489012e+304,  -1.84557312998898e+306, NaN, 8.89271141589124e-309, 2.72311959207815e+180,  -4.53929314106881e-282, -4.63135538100435e-282, 7.98357558433189e-304,  1.42602581545008e-105, -4.73431065905391e-282, 2.47283943116358e-301,  NA, -1.28607082485946e+294, 2.77448001762442e+180, 1.42602581597329e-105,  1.42602581597035e-105, 1.42602581597035e-105, 1.42602581597035e-105,  1.42602581597035e-105, 1.42219185240903e-105, 1.42602581597035e-105,  4.40469547887319e-303, -2.5301706761722e-98, NaN, NaN, -9.71547392740783e+306,  -4.24399158143648e-314, -2.53017067698439e-98, 1.29119766512916e-300,  NaN, -4.51995532914306e-282, NaN, -1.07566309923834e-204, 4.10400547316888e+233,  Inf, NaN, 2.51066212664008e-301, -4.03568576175295e-284, 7.20624134871741e-38,  5.59504565543764e+141, 1.82356948629441e+233, NaN, -4.51995532914306e-282,  -4.63126516495049e-282, 0))
result <- do.call(nanotime:::nanoduration_subset_numeric_impl,testlist)
str(result)