testlist <- list(idx = c(-2.53017067698439e-98, NA, -4.63099456374933e-282,  -8.54407690393838e-263, NaN, NaN, NaN, 2.11600161054116e-309,  -2.53017067335076e-98, -2.53017067698439e-98, 5.00566551728018e+137,  5.59504565543761e+141, 1.82356948629441e+233, 1.38538494174047e-309,  NaN, 2.64303172668051e-303, 5.29946982265531e-169, 2.64303106673974e-303,  NaN, -2.39020982714367e-185, -2.35343736826454e-185, -2.35343736826454e-185,  -2.35343736826454e-185, NaN, 5.32512287298999e+31, 3.52953696534134e+30,  3.52953696534134e+30, 3.52953696534134e+30, 3.52953696534134e+30,  -4.7081422872907e-284, NaN, -8.81442146035705e-280, -2.14555505166055e+110,  -6.09426191388412e+303, 2.64303034746572e-303, NaN, NaN, -1.92067917838138e+304,  -1.53721745105786e+173, 4.37929328213263e-303, 2.6303259350264e-192,  -1.89301434446754e-284, 3.32653112500637e-111, -4.03568326179146e-284,  NaN, NaN, NaN, 8.28702187150708e-317, 0, 0, NaN, NaN, 4.70147386239937e-193,  -4.63099455715335e-282, -3.05879284975431e+231, -7.88040123927934e+115,  5.43237943796294e-312, 0, 0, -1.88928327567842e+306, NaN, -Inf,  -2.53017067333197e-98, 4.84132006207444e-193, -2.53017067698439e-98,  -2.53017067698439e-98, NaN, NaN, NaN, NaN, -4.63135574155974e-282,  6.7115007804905e+291, -2.59666418907047e+29, NaN, -1.88897324474429e+306,  -4.51995532914306e-282, NaN, -4.6313541705683e-282, 0), v = c(-6.00784371062995e+303,  4.70147386239937e-193, 2.02387858739222e-36, 2.02057250952392e-36,  NaN, -Inf, NaN, NaN, NaN, NaN, NaN, NaN, 5.00566754313397e+137,  NaN, -1.05658905636718e+270, -4.73431065905407e-282, 2.77447923392645e+180,  2.77448001762435e+180, 1.43863605624947e-105, 1.42599171902632e-105,  -3.58857056735209e+304, -4.63135574155974e-282, -2.57550342012008e+29,  1.80092193104869e+233, NaN, -4.63135417670509e-282, 4.11365537339796e-300,  1.42821109552246e-101, 1.42602581597035e-105, 1.42602581597035e-105,  1.42602581597035e-105, 1.42602575746871e-105, 1.42602581597035e-105,  -4.52008721515379e-282, -2.53017067698437e-98, NaN, -4.63135416392851e-282,  -1.20245352805978e+111, NaN, 2.64303173208919e-303, NaN, NaN,  -2.16048429687203e+110, -2.65802717768444e+29, NaN, NaN, 2.00995441320226e-310,  4.77830972673648e-299, -2.65686954707427e+171, 2.05155882099999e-277,  6.34625966998233e-307, -1.47419252227175e-284, NA, NaN, NaN,  NaN, NaN, -4.63091901884408e-282, -4.51955315538379e-282, -4.63175476669635e-282,  2.45051036997869e-301, NaN, 3.32653112500637e-111, NA, NaN, -8.56496650186801e-280,  NaN, NaN, 3.23706870498726e-319, 1.7974552578109e-314, 0, NaN,  NaN, -2.14555482385487e+110, 2.64303172669452e-303, -1.88897860206244e+306,  1.80331613628628e-130, NaN, NaN, 4.70135634811127e-193, -4.63099455715334e-282,  -8.54407690393838e-263, NaN, -1.79769313486232e+308, NaN, 1.55446478214368e+161,  NaN, 0))
result <- do.call(nanotime:::nanoduration_subset_numeric_impl,testlist)
str(result)