testlist <- list(idx = c(3.44437263699475e+178, 3.80261645741006e-310, 0,  1.42602581597035e-105, -4.63091953402381e-282, -2.53017067698439e-98,  NaN, NaN, NaN, -3.64657039298117e+239, -7.47863579530838e+240,  -7.47863577046809e+240, -7.47863579530838e+240, -7.47863579530838e+240,  -7.47863579530838e+240, -2.53017067848052e-98, -2.53017067698439e-98,  NaN, 2.66183152418358e-310, 6.98158000966405e-310, -1.4733821840852e-101,  5.00566551728018e+137, 1.71185056346095e+139, NaN, 4.70147386239937e-193,  1.32636907103337e-31, -2.35335287272181e-185, -2.35343736826454e-185,  3.70549234380935e-322, -7.03273276063415e-186, 7.29076600773904e-304,  -8.53897705359793e-280, -1.4918843550706e+306, NaN, -4.63091953191119e-282,  4.14102237513428e+233, -2.53017067697023e-98, -2.53011068130833e-98,  -2.53017067698439e-98, -1.46100687897519e-101, -2.53017067698439e-98,  -2.6413271238211e+29, NaN, -2.84902467586476e-282, NaN, 7.29205042841981e-304,  NaN, 1.710569414459e-47, 5.49824316733543e+234, -2.53013997789803e-98,  -4.64485694415513e-282, 1.42613351730748e-105, 4.7005799144227e-193,  NaN, 3.52968863571537e+30, 3.52953696534134e+30, 3.52953696534134e+30,  3.52953696534134e+30, 3.52953696534134e+30, -4.03568390066634e-284,  7.20624134871741e-38, 5.59504565543764e+141, 5.49904196766624e-95,  -4.6313541705684e-282, 5.45636587768825e+31, 3.52953696534134e+30,  3.52953696534134e+30, 6.34625966998233e-307, -1.47419252227175e-284,  NaN, 7.27688154686195e-304, 8.08785462242121e-321, 2.7744800176243e+180,  2.77448001762435e+180, 1.42602581672198e-105, 1.4172969982963e-105 ), v = c(1.12006872887812e+30, 3.52953696534134e+30, 3.52953696534134e+30,  3.52953696534134e+30, 3.52953696534134e+30, 3.52953696534134e+30,  3.52953696534134e+30, 3.52953696534134e+30, 3.52953696534134e+30,  3.52953696534134e+30, 4.42471032363275e-303, 2.6303259350264e-192,  -1.89301434446754e-284, 1.03845937170697e+34, 3.52953696534134e+30,  3.52953696534134e+30, -4.63099455716583e-282, -8.54407690393838e-263,  NaN, -3.10503618460142e+231, 5.30046900402393e-316, 3.45845952088873e-322,  1.4260258154353e-105, 4.40469547887319e-303, -2.5301706761722e-98,  NaN, NaN, NaN, NaN, -7.47863579530828e+240, -7.47700786209723e+240,  -7.47863579530838e+240, -7.47863579530838e+240, -7.47863579530838e+240,  -2.53026872737334e-98, -2.53017067698439e-98, -2.53017067698439e-98,  -4.63099456374933e-282, -1.20245380237147e+111, NaN, 4.55695126222275e-303,  -4.63135417056832e-282, -2.33180650932609e-185, -2.35343736826454e-185 ))
result <- do.call(nanotime:::nanoduration_subset_numeric_impl,testlist)
str(result)