testlist <- list(idx = c(-2.00891738393551e-282, 2.51956952724544e-33, 1.42602586488993e-105,  2.97487115105159e-277, 6.34625966998233e-307, -1.4741925222742e-284,  NaN, -8.58150231043413e-101, -2.53017067698439e-98, -2.53017067698439e-98,  -2.53017067698439e-98, 1.29119766512916e-300, NaN, -1.92067917838138e+304,  -4.63135574155974e-282, 1.47133802273412e-105, 7.14427376414733e-116,  6.34588959956792e-307, 1.42610178965253e-105, 1.42602581597035e-105,  1.42602581597035e-105, 1.42602581597035e-105, -Inf, -4.63135417054697e-282,  6.7115007804905e+291, 7.84689136957663e-304, 1.42602581597035e-105,  1.42602581597035e-105, NaN, 3.32653112500637e-111, 1.42602581597035e-105,  1.42602581597035e-105, NaN, -4.63091901884408e-282, 4.48260465124395e-303,  -2.53017067697306e-98, 1.42602597955699e-105, 2.74945984661761e-105,  8.67893629335147e-174, 6.24005942036743e-302, 2.77448001762435e+180,  2.77448001762435e+180, -Inf, -Inf, 2.77448001762431e+180, 2.7744859691329e+180,  2.77448001762435e+180, 1.76381435565325e-321, 3.47454758652432e-311,  2.77427939096206e+180, 2.79068906281529e+180, 2.77448001762435e+180,  1.42602581597035e-105, 1.42602581596831e-105, 4.37931553287109e-303,  9.01352474267588e-280, 1.42602611274255e-105, 1.42602581597035e-105,  1.42602581597035e-105, 1.42602581597035e-105, 1.42602581597035e-105,  1.42602581597328e-105, 0), v = c(7.29112201955628e-304, 7.29112201955628e-304,  1.42602581660936e-105, 1.42901891126965e-105, 1.13481876300893e+179,  2.77448002227387e+180, 2.77448001762435e+180, 2.77448001762435e+180,  4.37931553287113e-303, 5.06643155861367e+178, 2.77448001762435e+180,  2.77448001771516e+180, 6.24005674332544e-302, 3.24180903818828e+178,  5.30173885154687e-316, 2.77448001456303e+180, 2.77448001762435e+180,  1.42607507472144e-105, 1.42602581597035e-105, -4.03568361898244e-284,  -4.12260983044706e-284, 7.50627839732355e-104, 1.42602581597035e-105,  1.42602581597035e-105, NaN, 1.42602581868386e-105, 1.42602581597035e-105,  1.42602581597328e-105, 1.42602581597035e-105, 2.96839600009208e+280,  NaN, 1.44441058658502e-105, 1.42602581597035e-105, 1.42602578998183e-105,  1.42602581574183e-105, 1.42602581597035e-105, -4.55455875702581e-282,  2.33763242959132e-106, 1.42602581597035e-105, -1.47419252227313e-284,  -8.81442566337168e-280, -4.6313541705684e-282, -1.49166814622919e-154,  -4.73356201719487e-282, -1.31280071639768e-283, 3.1755362738225e+231,  -8.68264288367644e-280, 1.47133804222552e-105, 1.42623871396235e-105,  1.42602581597035e-105, 1.42602581597035e-105, 1.42601083955019e-105,  1.42602581597035e-105, 1.42602581597035e-105, 6.97978791741515e-116,  1.42602581597035e-105, -8.54407733003711e-263, NaN, NA, NaN,  -8.56911069897924e-280, 1.67411312965206e-60, 6.45271420985065e-307,  -1.88924438289729e+306, 2.0581658065782e+183, 3.32022508599415e-115,  -1.91974031175488e-293, 7.50698290456506e-104, -2.51654447154089e-98,  -6.31164360921315e-101, -7.47863579530828e+240, -7.47863579530838e+240,  -7.47863579530838e+240, -7.47863579530838e+240, -7.47863579530838e+240,  -2.53026872737334e-98, -2.53017067698439e-98, -2.53017067698439e-98,  -4.63099456374933e-282, NA, NaN, -3.42882754299605e+304, 2.96439387504748e-323,  -9.04544231575377e+303, NaN, -4.63135247744689e-282, -2.35343736826454e-185,  -2.35343736826454e-185, -2.35343736826454e-185, Inf, -2.34374150508351e-185,  -1.42903501967294e-284, 0))
result <- do.call(nanotime:::nanoduration_subset_numeric_impl,testlist)
str(result)