testlist <- list(idx = c(NaN, -1.92067917838138e+304, -1.53721745105786e+173,  NaN, -1.88912057112823e+306, 4.70147386239937e-193, -1.65655268489012e+304,  -4.70814228729074e-284, NaN, -8.81442146035705e-280, -2.14555505166055e+110,  -6.09426191388412e+303, 2.64303034746572e-303, NaN, NaN, Inf,  -1.53721745105786e+173, 6.6822712434885e-308, 1.03845937170697e+34,  3.95252516672997e-323, 0, 3.52953696534134e+30, 3.52953696534134e+30,  3.52953696534134e+30, 3.52953696534134e+30, NaN, NaN, -1.2024538023802e+111,  -1.19641206146138e+111, Inf, NaN, 2.85279195360568e+180, 2.77478472867896e+180,  3.52953725927625e+30, 3.52953696534134e+30, 3.52953696534134e+30,  3.52953696534134e+30, -4.53929313950949e-282, -4.73354937010896e-282,  NaN, NaN, NaN, 8.85365637347514e-320, 2.77447923392645e+180,  2.77448001762435e+180, 1.43863605624947e-105, 1.42599171902632e-105,  1.42602581597035e-105, 4.40469547887319e-303, -2.5301706761722e-98,  -7.36423015894118e+240, -7.47863579530838e+240, -7.47863579530838e+240,  -7.47863579530838e+240, -7.47863579530838e+240, 0), v = c(8.82983580240048e-303,  -2.53017067698434e-98, 1.42602581660936e-105, 1.42923180926165e-105,  1.13481876300893e+179, 2.77448002227387e+180, 2.77448001762435e+180,  2.77448001762435e+180, 4.37931553287113e-303, 5.06643155861367e+178,  2.77448001762435e+180, 2.77448001771516e+180, 6.24005674332544e-302,  3.24180903818828e+178, 5.30173885154687e-316, 2.77448001456303e+180,  2.77448001762435e+180, 1.42607507472144e-105, 1.42602581597035e-105,  -4.03568361898244e-284, -4.12260983044706e-284, 2.64618009099932e-260,  1.42610178976525e-105, 1.42602581597035e-105, 1.42602581597035e-105,  1.42602581597035e-105, 1.42602581597035e-105, 1.42602581671905e-105,  1.42602581597035e-105, 1.42602581597035e-105, 1.42602581597035e-105,  1.42602581597035e-105, 2.63024172738289e-192, 1.42602581597035e-105,  1.42602581597035e-105, 7.14427376414733e-116, -2.53017067698439e-98,  -2.53017067698439e-98, -2.53017067698439e-98, -2.53017067698439e-98,  5.19053912375677e-116, 7.32714797079563e-104, 6.97978791741515e-116,  5.76567137511971e-279, NaN, 9.09714287689244e-174, 1.42602581868386e-105,  -1.89301434446754e-284, -1.88911993033384e+306, -4.63135574155974e-282,  -5.48816203614461e+303, 4.77830972673648e-299, -1.34497657072576e-284,  -1.31280071639768e-283, 6.45271420985074e-307, -1.88924438289729e+306,  7.06329533717676e-304, 2.77447923392645e+180, 2.77448001762435e+180,  1.43863605624947e-105, 1.42599171902632e-105, 1.42602581597035e-105,  4.40469547887319e-303, -2.5301706761722e-98, -7.36423015894118e+240,  -7.47863579530838e+240, -7.47863579530838e+240, -7.47863579530838e+240,  -7.47863579530838e+240, -7.47863579530838e+240, -2.53017067699023e-98,  -2.53017067698439e-98, -2.53017067698439e-98, -5.6100461401779e+303,  -1.87638640317279e+106, NaN, -4.53929314881512e-282, 1.42602581712965e-105,  1.42602581597035e-105, 1.42602581597035e-105, 1.42602581597035e-105,  1.42602581597035e-105, 2.63024172738289e-192, 8.84871571701673e-321,  1.13335506866001e-258, NaN, -4.63092073146173e-282, -3.58857056735215e+304,  -1.84557312998898e+306, -4.63135574155974e-282, -5.48816203614461e+303,  4.77830972673648e-299, -4.63135276582852e-282, -1.47287906811592e-284,  -1.51467241686379e+166))
result <- do.call(nanotime:::nanoduration_subset_numeric_impl,testlist)
str(result)