testlist <- list(idx = c(3.52953696535038e+30, NaN, -2.99586503380427e-283,  NaN, -1.18500279885944e+306, NaN, NaN, NaN, NaN, NaN, NaN, -1.42903553274004e-284,  3.83096767417822e-306, NaN, NaN, NaN, NaN, NaN, NaN, -4.51995532914306e-282,  -1.38881815681311e-284, 8.28696159549829e-317, 7.29262983431193e-304,  0, 0, NA, NaN, -5.90505996976572e+303, 1.42602581596827e-105,  3.32022508599412e-115, NA, 2.9748711532935e-277, -4.63135416508114e-282,  -4.6313541705684e-282, 5.00566871962321e+137, 1.67411312965202e-60,  6.45271420985065e-307, NaN, -4.63091901884408e-282, -4.6314069146711e-282,  6.71150078051234e+291, 7.84689136957663e-304, -1.92067917838138e+304,  -4.6313541705684e-282, 9.52683435127471e+139, 1.26480805335359e-321,  NaN, -5.48612406879407e+303, -Inf, -9.04544231575377e+303, NaN,  -4.63135247744689e-282, 5.11801228227376e+199, 6.24005674332624e-302,  NaN, -4.63135416392851e-282, 1.41105800925413e-137, -8.81442566338136e-280,  -1.24555198544521e-283, 8.59474597207412e-174, 2.73730483307146e+180,  2.77448001764251e+180, 2.77448001762435e+180, 8.84871571701673e-321,  1.13335506866001e-258, -1.42903553034287e-284, -4.63092073146173e-282,  NaN, -2.145555054329e+110, -2.14555505342871e+110, -6.41529347867299e+307,  NaN, NaN, NaN, -6.30904267911274e+304, NaN, NaN, NaN, NaN, NaN,  NaN, NaN, -2.16065917615193e+110, -2.16060017477577e+110, -2.0668505519739e+110,  NaN, NaN, NaN, 1.390671161567e-309, 0), v = c(5.00566551725239e+137,  2.97729478123052e-301, NaN, -1.79769313486232e+308, 1.58456325043273e+29,  5.18989278060446e-116, 2.96249386535379e-277, NaN, 3.44399066828555e+178,  3.80261645741006e-310, 0, 2.77448001762435e+180, 2.77448001762435e+180,  1.42602581597329e-105, 1.42599171902631e-105, 1.42602581597035e-105,  -4.91977451282742e-99, 1.73121302936421e-146, -7.47863579528175e+240,  -7.47863579530838e+240, -7.47863579530838e+240, -7.47863579530838e+240,  -7.47863579530838e+240, -7.47863578848948e+240, -7.47863579530838e+240,  -7.47863579530838e+240, -7.47863578094759e+240, 1.68712145917813e+143,  -2.53026872737334e-98, -2.53017067698439e-98, -2.53017067698439e-98,  -4.63099456374933e-282, -1.20245380237147e+111, NaN, NaN, 7.29977400082278e-38,  1.42602581544805e-105, 2.97729478171966e-301, NaN, -4.6313541705684e-282,  NaN, NaN, -4.63175634435155e-282, -4.56242422134212e-282, -4.63099455720209e-282,  -1.62873820146982e-283, 7.11750440310793e-38, NaN, 4.55695126222275e-303,  -4.63135417056832e-282, 5.5950456537886e+141, 5.59504499758297e+141,  -7.84671005535674e+303, -2.35343736826454e-185, -2.35343736826454e-185,  -2.35343736826454e-185, 1.33199834619513e-257, -5.86784901002452e+303 ))
result <- do.call(nanotime:::nanoduration_subset_numeric_impl,testlist)
str(result)