testlist <- list(idx = c(Inf, NaN, 2.77448001762435e+180, 2.77448001764247e+180,  2.77600360381372e+180, 2.77448001762435e+180, NaN, 5.29946982737798e-169,  -4.03558448120358e-284, 8.5451605330414e+194, 3.24212251733686e+178,  2.77448001762435e+180, 2.77448001762435e+180, 4.76925157985105e-303,  1.42602568277917e-105, -Inf, -1.24555198544521e-283, 8.59474597207412e-174,  2.77448002229175e+180, 1.42602600838735e-105, 1.42602581597035e-105,  1.42602581597035e-105, 1.42602581597035e-105, 1.42602581597035e-105,  2.63024172738289e-192, 1.42602581597035e-105, 1.42602581597035e-105,  -2.53011744961937e-98, -2.53017067698439e-98, -2.53017067698439e-98,  -2.53017067698439e-98, -4.03602097569101e-284, NaN, -6.41529347867303e+307,  NaN, -4.63135416508114e-282, 5.59492603204879e+141, 5.55193248966735e+141,  -1.51467241886661e+166, -2.61838372073808e+29, -Inf, NaN, -1.88897860206244e+306,  NaN, NaN, -8.68264135810763e-280, NaN, NaN, 4.70147386239937e-193,  -4.63099455715335e-282, -4.56158220941161e-282, 6.7115007804905e+291,  -8.79771634834435e-284, 0, 4.55624203643964e-303, -Inf, 2.96249274598176e-277,  0), v = c(-1.22200724355875e+305, -1.88897860206244e+306, 7.2911220195564e-304,  NaN, -2.14555482385835e+110, NaN, 8.64899803453253e-174, NaN,  NaN, NaN, -1.53732774916378e+173, 4.70043089971286e-193, -1.65655268489012e+304,  -1.84557312998898e+306, NaN, 4.11365105455637e-300, NaN, 5.29916032225672e-169,  -4.70814228729066e-284, 7.52879831407099e-304, -4.73390677932275e-282,  -1.47287906811592e-284, NaN, NaN, 4.70043089971286e-193, -1.65655268489012e+304,  -1.84557312998898e+306, NaN, 8.28702187150708e-317, 4.60148545999592e-312,  0, -8.6703620859377e-280, NaN, 7.84789265289563e-304, -2.52993131194683e-98,  -2.53017067698439e-98, -2.53017067698439e-98, 5.00566551728018e+137,  1.71185056346095e+139, NaN, 4.70147386239937e-193, 2.02387858739222e-36,  5.59504565543054e+141, 7.5287982906697e-304, -4.73390677932275e-282,  -1.47287906811592e-284, NaN, NaN, 4.70043089971286e-193, -1.65655268489012e+304,  -1.84557312998898e+306, NaN, 8.28702187150708e-317, 4.60148545999592e-312,  0, -8.6703620859377e-280, NaN, 7.84789265289563e-304, -2.52993131194683e-98,  -2.53017067698439e-98, -2.53017067698439e-98, 5.00566551728018e+137,  1.71185056346095e+139, NaN, 4.70147386239937e-193, 2.02387858739222e-36,  5.59504565543054e+141, 5.59504565286792e+141, 7.06940188992343e-304,  NaN, 2.64303172668051e-303, 5.29946982265531e-169, 2.64303106673974e-303,  NaN, -1.42903553274004e-284, NaN, 9.52913756985416e+139, 5.29946731790108e-169,  3.48672823834467e+30, 3.52953696534134e+30, 3.52953696534134e+30,  3.52953696534134e+30, 3.52953696534134e+30, 3.52953696534134e+30 ))
result <- do.call(nanotime:::nanoduration_subset_numeric_impl,testlist)
str(result)