testlist <- list(idx = c(NaN, 2.64303172668051e-303, 5.29946982265531e-169,  2.64303106673974e-303, NaN, -1.42903553274004e-284, NaN, 8.64899803453253e-174,  NaN, 7.14427376420902e-116, 5.19053912375677e-116, 7.20624134303821e-38,  -6.72638072235721e+304, 2.825749453874e-312, 0, 0, 0, 0, NaN,  4.55695126222275e-303, -4.63135417056832e-282, 5.59504565361236e+141,  5.59504499758297e+141, -7.84671005535674e+303, -6.09425981954197e+303,  5.29946731138308e-169, NaN, 5.29916032225672e-169, NaN, -2.85152150902436e+76,  -4.63135512346479e-282, -6.63442395500797e-292, -5.90506290371318e+303,  2.97487115800748e-277, 6.34625966998233e-307, -1.24544062774465e-283,  -4.63110033958925e-282, 1.426026508097e-105, 6.57107308968858e-322,  4.98854000731412e+137, -4.69526067444969e+305, 2.77448001762435e+180,  2.77448001762435e+180, -4.63135276582857e-282, 5.56442206788348e+141,  4.62977865530011e+140, 4.0834764666502e+233, 5.10443559546474e+232,  2.77448120789012e+180, 2.77448001762435e+180, 2.77448001557131e+180,  2.05852178773912e+183, 2.77448001762435e+180, 2.77448001771516e+180,  8.36654822864507e-148, 2.77448001762435e+180, 2.77448120488274e+180,  2.72642213313138e+180, 1.97718940857218e+179, 1.42602581597329e-105,  1.42602581597035e-105, 1.42602581597035e-105, 1.42602581597035e-105,  1.42602581597035e-105, 1.42602575746871e-105, 1.42602581597035e-105,  3.32022508599412e-115, -4.03568326179146e-284, -8.59939785211568e-280,  3.52938281531865e+30, 3.52953696534134e+30, 3.52953696534134e+30,  3.52953696534134e+30, 3.52953696534134e+30, 3.52953696534134e+30,  3.52953696534134e+30, 3.52953696534134e+30, 3.52953696534134e+30,  3.52953696534134e+30, 3.52953696534134e+30, 3.52953696534134e+30,  3.52953696534134e+30, 4.70069742871071e-193), v = c(3.52953696534134e+30,  -4.63099455716583e-282, -8.54407690393838e-263, NaN, -3.10503618460142e+231,  1.42602569976865e-105, 1.42602581597035e-105, 1.42602581597035e-105,  1.42602581597035e-105, 1.42602575746871e-105, 1.42602581597035e-105,  -4.52008721515379e-282, -2.55993690379787e-98, NaN, -8.99377093642459e-265,  -2.53017067698439e-98, -2.53017067698439e-98, -4.53929482488461e-282,  2.77448001762435e+180, 1.42602581672198e-105, 1.4172969982963e-105,  NaN, -4.6313541705685e-282, 1.62530026542978e-275, 7.98434630619852e-304,  2.7744812124791e+180, 1.42607507472144e-105, 1.42602581597035e-105,  1.42602581597035e-105, 1.42602581597035e-105, 1.42602581597035e-105,  5.12813541834074e-116, 1.42602581597035e-105, 1.42602581597035e-105,  -2.51654447154089e-98, 4.08377327530053e+233, NaN, -2.53012246096124e-98,  -2.53017067698439e-98, -2.53017067698439e-98, 6.34625966998243e-307,  -1.44222413381264e-284, 5.49876337405995e+234, -2.53017067336019e-98,  -2.53017067698439e-98, NaN, -2.53017113659558e-98, -4.63099456374939e-282,  4.54540394173947e-322, 0, 0, 1.71185056346095e+139, NaN, 4.70147386239937e-193,  2.02387858739222e-36, 5.59504565543054e+141))
result <- do.call(nanotime:::nanoduration_subset_numeric_impl,testlist)
str(result)