testlist <- list(idx = c(2.9624938653538e-277, 2.77448001761239e+180, 2.77448001762435e+180,  1.42602600838735e-105, 2.33877210470284e-106, NaN, -4.63135417059237e-282,  -1.49406422996747e-284, 2.85278601852153e+180, 1.86580260238231e-104,  1.42602581597035e-105, 1.42602581597035e-105, 1.42602581597035e-105,  1.42602581597035e-105, 1.42602581597035e-105, 1.42602581574183e-105,  NaN, 7.14427376420902e-116, 6.34588959956792e-307, -4.63135416393635e-282,  2.11600161054116e-309, NaN, 2.97487115800748e-277, 6.34625966998233e-307,  -9.90018208221453e+119, 2.74265721319393e-319, 0, NaN, 3.85185988877447e-34,  NaN, 1.74785565950562e-113, 5.56516635073716e+141, 4.62977865530011e+140,  4.08354848177142e+233, NaN, 8.8442480962961e+209, -4.6313541693606e-282,  2.51066155646486e-301, -1.51467241885878e+166, 1.58852707766409e+280,  4.70147385458659e-193, -4.63099455715335e-282, -8.54407690393838e-263,  4.9579143583802e+279, -4.26030573392961e-280, 2.94057559287053e-306,  0, -2.57491528171359e+29, NaN, 3.79427005005514e-34, NaN, NaN,  NaN, 7.3468396926393e-38, 0), v = c(NaN, -1.88911993032402e+306,  -4.63135247075698e-282, -1.4423644825005e-284, -4.52795924670757e-282,  1.62026059559618e+29, 3.52953696534134e+30, 3.52953696534134e+30,  3.52953696534134e+30, 3.52953696534134e+30, 3.52953696534134e+30,  3.52953696534134e+30, 3.52953696534134e+30, 4.70069742871071e-193,  2.02387858739222e-36, 5.59504565543054e+141, 5.59504565286792e+141,  3.52953736357573e+30, 3.52953696534134e+30, 3.52953696534134e+30,  -4.73431065905393e-282, 2.47283943116358e-301, 3.89442570780643e-308,  NaN, -1.79769313486232e+308, 2.07049078333983e-318, 2.77448001761239e+180,  2.77448001762435e+180, 2.77436327767485e+180, 2.77448001762435e+180,  2.77448001762435e+180, 2.77447930353028e+180, 8.54516053304152e+194,  2.77448001762435e+180, 2.96247255503426e-314, 2.77447923392645e+180,  2.96439387504748e-323, 2.77448001762435e+180, 2.77448001762435e+180,  1.42602581597329e-105, 1.42602581597035e-105, 1.42602581597035e-105,  1.42602581597035e-105, -4.91977451282742e-99, 9.58882825723868e-302,  -2.53017067698439e-98, -2.53017067698439e-98, -4.03602097569101e-284,  1.42602568016961e-105, 1.42602581597035e-105, 1.42602581597035e-105,  1.42602581597035e-105, -4.03568421021211e-284, -4.6313541705684e-282,  NaN, -4.63135247075698e-282, -1.4423644825005e-284, 8.9889719738222e-113,  -4.63135417054697e-282, 6.7115007804905e+291, 7.84689136957663e-304,  2.77448002227387e+180, 2.77448001762435e+180, 2.77448001762435e+180,  5.06643155861372e+178, 2.77448001762435e+180, 2.77448001771516e+180,  6.24005674332544e-302, 3.24180903818828e+178, 5.30173885154687e-316,  2.77448001456303e+180, 2.77448001762435e+180, 1.42607507472144e-105,  4.70043089971286e-193, -1.65655268489012e+304, -1.84557312998898e+306,  NaN, 8.28702187150708e-317, 4.60148545999592e-312, 0, -5.82900159111767e+303,  -8.81442566340249e-280, 1.42602581597039e-105, 1.42602581597035e-105,  6.58280659752666e-106, 1.42602581597035e-105, 1.42602581597035e-105,  1.42602581597035e-105))
result <- do.call(nanotime:::nanoduration_subset_numeric_impl,testlist)
str(result)