testlist <- list(idx = c(-2.35358101068203e-185, -5.49014220572211e+303,  -2.35343736826454e-185, -2.35343736826454e-185, -2.35343736826454e-185,  -4.49423283715577e+306, -8.68264135810763e-280, NaN, 1.64403335959908e-105,  1.42602581597035e-105, -4.91977451282742e-99, 9.58882825723868e-302,  -2.53017067698439e-98, -2.53017067698439e-98, -6.3217985742178e+37,  6.40449403052448e-307, -2.53017067335095e-98, -4.53929482488461e-282,  NaN, -1.0512802185204e+270, -4.0356857617921e-284, -5.49014220572211e+303,  7.20620099132156e-38, 5.59477713230861e+141, 1.6643184226095e-275,  -2.61857769782144e+29, NaN, NaN, -1.88897860206244e+306, -5.49014220572211e+303,  NaN, -2.35343736826457e-185, Inf, -2.35343736826454e-185, -2.35343736826454e-185,  -2.35339949379898e-185, -4.51995532401239e-282, 5.2991603310295e-169,  -4.70814228729066e-284, 7.29112204671774e-304, NaN, -5.49014220572211e+303,  3.52953696534134e+30, 3.52953696534134e+30, 3.52953696534134e+30,  3.52953696534134e+30, -4.53929313950949e-282, 3.85859404522762e-57,  1.82356948629768e+233, 4.06504031320519e+233, 3.52953696534742e+30,  3.52953696534134e+30, 3.52953696534134e+30, 1.1306282067414e-114,  5.19053912375677e-116, 2.96249386535379e-277, NaN, 3.44437263699475e+178,  2.96439387504748e-323, NaN, 2.77448001762435e+180, 1.42602581597329e-105,  1.42599171902631e-105, NaN, 2.55449391121224e-65, -7.84613105550202e+303,  8.59474930347779e-174, 2.77448002229175e+180, 1.42602600838735e-105,  1.42602581597035e-105, 1.42602581597035e-105, 1.42602581597035e-105,  1.42602581597035e-105, 2.63024172738289e-192, 1.42602581597035e-105,  1.42602581597035e-105, -2.53011744961937e-98, -2.46936682935675e-98,  -2.53017067698439e-98, -2.53017067698439e-98, -4.63099456374933e-282,  -2.52997813270745e-98, -2.53017067698439e-98, -2.53017067698439e-98,  -4.03602097569101e-284, -4.03568320007825e-284, 7.20624134871741e-38,  5.59504565543764e+141, 5.60918702964753e+141, 1.80092182523167e+233,  0), v = c(3.52953696534134e+30, 3.52953696534134e+30, 3.52953696534134e+30,  6.34625966998233e-307, -1.47419252227175e-284, NaN, 7.27688154686195e-304,  8.08785462242121e-321, 2.7744800176243e+180, 2.77448001762435e+180,  1.42602581672198e-105, 1.4172969982963e-105, NaN, -2.62656893668617e+29,  NaN, 2.77448001762435e+180, 1.42602581597036e-105, 1.42602581597035e-105,  1.42602581597035e-105, 1.42602581597035e-105, 1.42602581597035e-105,  1.42601083955019e-105, 1.42602581597035e-105, -1.44222413381264e-284,  -2.53017067698121e-98, -2.53017067404639e-98, -2.53017067698439e-98,  -2.53017067698439e-98, -4.63099456374933e-282, -1.20245380237147e+111,  NaN, 4.55695126222275e-303, -4.63135417056832e-282, 5.59504565378947e+141,  5.59504499758297e+141, -7.84671005535674e+303, 4.11397249277033e-300,  NaN, 1.42865079668722e-101, 4.40469547887319e-303, -2.5301706761722e-98,  -2.5301697491913e-98, -2.53017067698439e-98, -2.53017067698439e-98,  -4.53929518543998e-282, -1.51845524568624e-101, -2.53017067698439e-98,  -5.6100461401779e+303, -1.87638640317279e+106, NaN, -4.63135416508114e-282,  -4.63110033958925e-282, 8.82940580253156e-303, 4.06504031320516e+233,  9.52913756985416e+139, NaN, 8.64899803453253e-174, 2.64303173207904e-303 ))
result <- do.call(nanotime:::nanoduration_subset_numeric_impl,testlist)
str(result)