testlist <- list(idx = c(NaN, NaN, NaN, -6.30904267911274e+304, NaN, NaN,  2.97487115800748e-277, 6.34625966998233e-307, NaN, -4.63135417670509e-282,  4.11365537339796e-300, NaN, 6.70550669944532e-312, -1.38864689061527e-284,  2.71615461306795e-312, -4.87487627816817e-284, 7.20624134871741e-38,  7.20620099132156e-38, NaN, -2.14555482475516e+110, -2.14555482475164e+110,  -1.0512802185204e+270, NaN, Inf, -4.0359170480474e-284, NaN,  NaN, NaN, NaN, NaN, 2.75980623176108e-318, 4.37467322255602e-303,  -2.73938522765875e-280, 2.77448001762814e+180, 2.77448001762442e+180,  2.77434546988595e+180, 6.82334650488996e-302, 2.77448001762442e+180,  2.7744859691329e+180, 1.40986910719639e+179, -1.65055884094203e-180,  4.44686962260479e-303, 5.11801227698974e+199, -4.69526083653034e+305,  NaN, -4.87553299405426e-284, 1.14316862522557e-114, 5.19053912375677e-116,  2.96249386535379e-277, NaN, 5.39304895245746e-116, -Inf, -5.59896363658004e-258,  2.77428138135002e+180, Inf, NaN, 4.70147386239937e-193, -2.87777398250954e+76,  7.11784968366535e-38, -6.32159916973379e+37, NaN, -2.48314920443656e-98,  -2.53017067698439e-98, -2.53017067698439e-98, -2.53017067698439e-98,  4.84132006207444e-193, -1.65655268489012e+304, -1.84557312998898e+306,  0), v = c(2.77448004087243e+180, NaN, 0, 3.24180903818828e+178,  -3.19567167415501e+258, -4.03568421253075e-284, 2.74003579659356e+180,  1.19163009391021e+190, 2.77448001764247e+180, NaN, 7.98427004733469e-304,  2.97487115293086e-277, 6.24005673807026e-302, -Inf, 2.7744859691329e+180,  2.77448001762435e+180, 1.76381435565325e-321, 3.47454758652432e-311,  2.77427939096206e+180, 2.77448001762435e+180, 1.86580260238231e-104,  1.42602581597035e-105, 4.40469547887319e-303, -4.53929313631512e-282,  -1.4421777483215e-284, 1.42602581597037e-105, 1.42602581597035e-105,  1.42602581597035e-105, 1.42602581597035e-105, 1.84562621793573e-104,  -1.50883618484607e+173, -4.63135417058687e-282, NaN, 1.42602581597035e-105,  1.42602581597035e-105, 1.42602575746871e-105, 1.42602581597035e-105,  -8.79771633166465e-284, 4.37894635873564e-303, 1.42602581597035e-105,  2.97729478171966e-301, NaN, -4.6313541705684e-282, NaN, -4.73356201719487e-282,  -1.31280071639768e-283, 3.1755362738225e+231, -8.68264288367644e-280,  9.64256099352915e-101, 1.42602581597035e-105, NaN, -4.63135247075698e-282,  -1.42903553273068e-284, -4.60656009013408e-195, -4.63099499791903e-282,  4.94065645841247e-323, 0, 2.71615461243555e-310, 0, 4.67178593338914e-310,  -5.48612406879369e+303, 2.61933855397869e-314, -3.73848533085555e-306,  1.06099789548264e-314, 0, -5.48613202956201e+303, 1.3569200768383e-313,  8.85365637347514e-320, 2.77447923392645e+180, 2.77448001762435e+180,  1.43863605624947e-105, 1.42599171902632e-105, 1.42602581597035e-105,  0))
result <- do.call(nanotime:::nanoduration_subset_numeric_impl,testlist)
str(result)