testlist <- list(idx = c(NaN, 4.55695126222275e-303, -4.53929313631512e-282,  -1.93080514400571e+306, 3.23706870498726e-319, Inf, 0, 0, -4.73387101190605e-282,  NaN, NA, 9.52913756985392e+139, NaN, 4.37931553287108e-303, -4.63135417056832e-282,  2.11600161054116e-309, NaN, -2.35358101068203e-185, -2.35343736826454e-185,  -2.35343736826454e-185, -2.35343736826454e-185, -4.54348910134699e-282,  7.11784968366535e-38, 7.11784952601927e-38, NaN, 7.29069619590266e-304,  3.52953696274867e+30, -1.68126326062638e+170, -2.48444477143764e+224,  1.03839872412178e+34, 3.52953696534134e+30, 3.52953696534134e+30,  3.52953696534134e+30, 3.52953696534134e+30, 4.42471032363275e-303,  2.6303259350264e-192, -1.89301434446754e-284, NaN, 7.40549447502434e-278,  3.24180903818828e+178, 2.77448001762435e+180, 2.77448001762435e+180,  -5.48612407215992e+303, -4.63135417056832e-282, -3.06886287001532e-282,  1.13335506866007e-258, NaN, -4.63092073146173e-282, -1.19641206146137e+111,  1.13335506866007e-258, NaN, -4.63092073146173e-282, NaN, -4.63135247075698e-282,  NaN, NaN, NaN, NaN, NaN, -Inf, -1.09532186011772e-280, -4.03568575655109e-284,  -3.57588394160177e+36, -4.6313541705684e-282), v = c(-1.42903553273068e-284,  -4.60656009013408e-195, 1.53156847633263e-115, -4.63100781179576e-282,  7.29112201955628e-304, 2.45051040474547e-301, 2.45051040474542e-301,  2.47278154084983e-301, 1.38538490590795e-309, -1.28607082485946e+294,  2.77448001762442e+180, 1.42602581597329e-105, 1.42602581597035e-105,  1.42602581597035e-105, 1.42602581597035e-105, 1.42602581597035e-105,  1.50937752242582e-190, 1.41729521755394e-105, 1.42602581597035e-105,  2.9624938653538e-277, -4.73431065905398e-282, NA, NaN, Inf, -4.91949029046105e-99,  1.29119766512916e-300, 2.6303259350264e-192, -1.89301434446754e-284,  NaN, -1.92067917838138e+304, -4.63135574155974e-282, 1.92569484553839e-34,  2.19550847334503e-106, -1.44222413381264e-284, 3.52953792299473e+30,  3.52953696534134e+30, 3.52953696534134e+30, 3.52953696534134e+30,  3.52953696534134e+30, 3.52953696534134e+30, 3.52953696534134e+30,  3.52953696534134e+30, 6.34625966998233e-307, -1.47419252227175e-284,  NA, 7.27688154686195e-304, 8.08785462242121e-321, 2.7744800176243e+180,  2.77448001762435e+180, 1.42602581672198e-105, 1.4172969982963e-105,  NaN, -2.62656893668617e+29, NaN, 2.77448001762435e+180, 1.42602581597036e-105,  Inf, 1.42602581597035e-105, 2.31697928267063e-106, 1.42602581597035e-105,  5.12813541834074e-116, 1.42602581597035e-105, 1.42602581597035e-105,  -2.51654447154089e-98, -6.31164360921315e-101, -2.53017067698439e-98,  -2.53017067698439e-98, 1.29119766512916e-300, NaN, -2.06685055287419e+110,  NaN, -4.63099455720218e-282, 1.15330663700126e+141, 5.49680333272107e-138,  4.08347646555132e+233, -4.03568575204074e-284, -2.53017067697344e-98,  -2.53017067698439e-98, -2.53017067698439e-98, -2.53017067698439e-98,  5.00566551728018e+137, 2.97729478123052e-301, NaN, NaN, -8.81442566334537e-280,  0))
result <- do.call(nanotime:::nanoduration_subset_numeric_impl,testlist)
str(result)