testlist <- list(idx = c(1.42602581597035e-105, 1.4260416169932e-105, NaN,  -5.36274174639226e-205, -4.63135417137321e-282, -4.63135417054247e-282,  -4.63091901884408e-282, 4.48260465124395e-303, -2.36826707102303e-101,  -2.53017067698439e-98, -2.53017067698439e-98, 5.00566551728018e+137,  0, 0, -5.48612406879369e+303, -4.73431065905407e-282, NaN, 7.2911220195564e-304,  -1.88928333538666e+306, -4.63135417055108e-282, -4.6313541705684e-282,  -4.63135416392842e-282, -4.51995532914297e-282, 3.8307196456788e-113,  5.59896194043516e-258, -2.14555482475164e+110, -1.0512802185204e+270,  NaN, NaN, NaN, NaN, NaN, NaN, NaN, NaN, NaN, -2.14555482475516e+110,  NaN, NaN, NaN, -4.87553299405426e-284, 2.79075262768283e+180,  2.77448002226208e+180, 2.77429229151305e+180, 2.7435815484772e+180,  -1.84557312998897e+306, NaN, 2.12147772509255e-314, 0, 0, NaN,  -1.88928397619083e+306, NaN, 3.529538719469e+30, 3.52953696534134e+30,  3.52953696534134e+30, 2.48184075018626e-301, -4.53929314878891e-282,  3.56868499858369e+30, 3.52953696534134e+30, 4.70043089830948e-193,  -4.53929433555944e-282, 7.2911220195564e-304, 3.52953696534138e+30,  3.52953696534134e+30, 3.52953696534134e+30, 3.52953696534134e+30,  3.52953696534134e+30, -4.63135416508114e-282, 3.52953696534138e+30,  3.52953696534134e+30, 3.52953696534134e+30, 3.52953696534134e+30,  3.52953696534134e+30, 3.52953696534134e+30, 3.52953696534134e+30,  3.52953696534134e+30, 3.52953696534134e+30, 3.52953696534134e+30,  3.52953696534134e+30, 3.52953696534134e+30, 3.52953696534134e+30,  5.00566551725239e+137, 2.97729478123052e-301, NaN, -1.79769313486232e+308,  2.07049078333983e-318, 2.77448001761239e+180, 2.77448001762435e+180,  1.42602600838735e-105, 2.33877210470284e-106, NaN, -4.63135417059237e-282,  -1.49406422996747e-284, 2.85278601852153e+180, 1.86580260238231e-104,  1.42602581597035e-105, 1.42602581597035e-105), v = c(2.77478472867893e+180,  2.77448001762435e+180, 2.77447949204725e+180, -5.96481528656098e+303,  2.77448001762435e+180, 2.77448004087243e+180, 2.77448001762435e+180,  NaN, NaN, -2.14555482385488e+110, 1.69988366267639e+139, NaN,  NaN, NaN, NaN, NaN, NaN, NaN, NaN, NaN, 2.05852178774846e+183,  -4.03568421253066e-284, 1.41440551668948e+190, -4.60434918692564e-282,  1.78047283065187e-260, -1.28606960668718e+294, 3.32033977546141e-115,  -2.52998699935725e-98, -2.53017067698439e-98, -2.53017067698439e-98,  -2.53017067698439e-98, -4.03602097569101e-284, -8.56496650186801e-280,  NaN, NaN, NaN, -4.63135417059237e-282, 2.20251739112326e-106,  1.42602581597035e-105, 1.42602581597035e-105, 1.42602581597035e-105,  1.4260258159809e-105, 1.42219185240903e-105, 1.42602581597035e-105,  4.40469547887319e-303, -2.5301706761722e-98, -2.5301697491913e-98,  -2.53017067698439e-98, -2.53017067698439e-98, 6.34625966998243e-307,  -4.6313541705684e-282, NaN, NaN, NaN, -8.68264135810763e-280,  NaN, 3.3261250543608e-111, -4.63099455514458e-282, NaN, NaN,  -1.88911992761567e+306, NaN, -4.63091901884408e-282, -4.63135382289021e-282,  -4.63108491295424e-282, 6.10802977284283e-310, 1.41533544797914e-304,  -4.05405962169474e+166, -7.54342059459132e+303, 7.06327445644526e-304,  NaN, 3.52953696536804e+30, 3.52953696534134e+30, 3.52953696534134e+30,  3.52953696534134e+30, 3.52953696534134e+30, 3.52953696534134e+30,  NaN, 9.03446862626329e-303, 7.06337528010427e-304, 3.89442571138723e-308 ))
result <- do.call(nanotime:::nanoduration_subset_numeric_impl,testlist)
str(result)