testlist <- list(idx = c(3.52953696534134e+30, 3.52953696534134e+30, 3.52953696534134e+30,  3.52953696534134e+30, -4.63135416508114e-282, 5.59492603204879e+141,  5.55193248966735e+141, 2.08391816263574e+31, 3.52953696534134e+30,  3.52953696534134e+30, 3.52953696534134e+30, -4.03568390066634e-284,  -8.56496650186801e-280, NaN, NaN, 3.47371539683202e-311, 2.77427939096206e+180,  2.77448001762435e+180, 1.86580260238231e-104, 1.41729699829834e-105,  1.42602581596832e-105, -4.63175634435155e-282, 1.78047283065187e-260,  9.52913756979423e+139, NaN, 2.77448001762435e+180, 1.42602581597036e-105,  1.42602581597035e-105, 1.42602581597035e-105, 1.42602581597035e-105,  1.42602581597035e-105, 1.42601083955019e-105, 1.42602581597035e-105,  -1.44222413381264e-284, 5.49876337405995e+234, -2.53017067336019e-98,  -2.53017067698439e-98, -2.53017067698439e-98, -1.3753552737087e-284,  -1.38881774097715e-284, 4.80049224086754e-193, 4.70040515389123e-193,  -4.66209709521887e-282, -1.8930143418613e-284, NaN, NaN, -4.63135574155974e-282,  -5.82766743745578e+303, 9.80211341037601e+281, -4.7199642630969e-282,  -4.03568560145863e-284, -4.6313541705684e-282, 2.63017290095379e-192,  NaN, 0, 0, 0, 0), v = c(7.2911220195564e-304, NaN, NaN, 3.75828881411499e-306,  -1.47402189796428e-284, -1.27733901625754e+294, NaN, 3.03520529878859e-277,  NaN, NaN, -4.63175634435155e-282, -4.7343073949413e-282, 2.51066297132284e-301,  3.52953697215651e+30, 3.52953696534134e+30, 3.52953696534134e+30,  1.1306282067414e-114, 5.19053912375677e-116, 2.96249386535379e-277,  NaN, 3.44437263699475e+178, 2.96439387504748e-323, 2.77448001762435e+180,  2.77448001762435e+180, 1.42602581597329e-105, 1.42599171902631e-105,  NaN, 2.55449391121224e-65, -7.84613105550202e+303, 8.59474930347779e-174,  2.77448002229175e+180, 1.42602600838735e-105, 1.42602581597035e-105,  1.42602581597035e-105, 1.42602581597035e-105, 1.42602581597035e-105,  -2.53017067698439e-98, -2.53017067698439e-98, -2.53017067698439e-98,  -2.53017067698439e-98, -2.53017067698439e-98, -4.63099456374933e-282,  1.29119766512915e-300, 2.6303259350264e-192, -1.89301434446754e-284,  NaN, -1.92067917838138e+304, -4.63135574155974e-282, 3.64387650569265e+30,  4.42471032363275e-303, 6.05738144745324e+288, 2.32617844960655e+272,  3.52953696278579e+30, 3.52953696534134e+30, 5.00566551725239e+137,  2.97729478123052e-301, NaN, -1.79769313486232e+308, -4.53929262324173e-282,  7.2911220195564e-304, 5.45636587768825e+31, 3.52953696533127e+30,  3.52953696534134e+30))
result <- do.call(nanotime:::nanoduration_subset_numeric_impl,testlist)
str(result)