testlist <- list(idx = c(3.52953688033875e+30, 3.52953696534134e+30, 4.42471032363275e-303,  NaN, -4.51995532914306e-282, -4.03596431698447e-284, NaN, -4.6313541705683e-282,  3.52953696275491e+30, 3.52953696534134e+30, 3.52953696534134e+30,  3.52953696534134e+30, 3.52953696534134e+30, 3.52953696534134e+30,  3.52953696534134e+30, 3.52953696534134e+30, -4.63135276582855e-282,  5.56442206788348e+141, 4.62977865530011e+140, 4.08354848177142e+233,  3.52953696534134e+30, -4.63140589738983e-282, NaN, 2.51066156341821e-301,  8.8927114207481e-309, 2.72311959207815e+180, 2.77448001762435e+180,  2.77448001762435e+180, 2.33877210600354e-106, 1.42602581545008e-105,  -4.73431065905391e-282, 2.47283943116358e-301, 3.89442570780643e-308,  2.77448001764258e+180, 1.42602581672198e-105, 1.42602581597035e-105,  1.42602581597035e-105, 1.42602581597035e-105, 1.42602581597035e-105,  6.58280659752666e-106, 1.42602581597035e-105, 3.32022508599412e-115,  -2.53017046906499e-98, -2.53017067698439e-98, -2.53017067698439e-98,  -2.53017067698439e-98, -4.53929482488461e-282, NaN, -1.0512802185204e+270,  3.32653112500637e-111, -4.63135417054697e-282, 5.59504518815881e+141,  5.59487724463388e+141, 1.6643184226095e-275, 4.11397106468159e-300,  NaN, NaN, NaN, NaN, NaN, -8.56496650449735e-280, 6.57107308968858e-322,  0, 0, 0, 0, 0, 0, 0, 0, 0, 0, 0, 0, 0, 0, 0, 0, 0, 0, 0, 0, 0,  0, 0, 0, 0, 0), v = c(-4.63091573521464e-282, NaN, 2.12147772509255e-314,  0, 0, 3.32653112500627e-111, -4.03568326179146e-284, -8.56496650186801e-280,  NaN, NaN, 8.28702187150708e-317, 0, 0, NaN, 2.84343470249406e-312,  -4.63135417054795e-282, 6.7115007804905e+291, -1.44743696597128e-284,  2.51066158427828e-301, NaN, 7.40549447502434e-278, 3.24180903818828e+178,  2.77448001762435e+180, 2.77448001762435e+180, -4.03568575342178e-284,  3.56891316792421e+30, NA, 3.52953696534134e+30, 3.52953696534134e+30,  3.52953696534134e+30, 3.52953696534134e+30, 3.52953696534134e+30,  NaN, -4.63091901884408e-282, 7.29112201305893e-304, -5.36274175408073e-205,  -4.53940597232849e-282, 3.52953696533273e+30, 4.42471032363275e-303,  2.6303259350264e-192, -1.89301434446754e-284, NaN, 7.40549447502434e-278,  3.24180903818828e+178, 2.77448001762435e+180, 2.77448001762435e+180,  4.76925157985105e-303, 1.4260256795306e-105, -8.81442566334892e-280,  -1.24555198544521e-283, 8.59474597207412e-174, -4.54348910134699e-282,  7.11784968366535e-38, -4.63091573521464e-282, 1.42610178965332e-105,  1.42602581597035e-105, 1.42602581597035e-105, 2.63024172738289e-192,  1.42602581597035e-105, 1.42602581597035e-105, -2.53011744961937e-98,  3.52953696535596e+30, -4.63099455716583e-282, -8.54407690393838e-263,  NaN, -3.10503618460142e+231, 1.27352451594811e-313, 2.77448001456303e+180,  2.77448001762435e+180, NaN, 4.76925113440165e-303, NaN, -4.63135417670509e-282,  1.82903058455256e+182, -4.73431065905395e-282, 2.47283943116358e-301,  3.89442570780643e-308, NaN, -8.68264135810763e-280, Inf, NaN,  4.70147386239937e-193, -4.63099455715335e-282, -4.56158220941161e-282,  6.7115007804905e+291, 0))
result <- do.call(nanotime:::nanoduration_subset_numeric_impl,testlist)
str(result)