testlist <- list(doy = c(-1.09013206609379e-175, 7.29112203606636e-304, 4.3674645754188e-307,  8.28904556439245e-317, -1.23387897093268e-178, -1.09007158655574e-175,  3.30199188178139e-312, 1.49552559847179e-305, 2.23564947096235e-23,  -8.3711609936709e+298, NaN, 5.38995218938897e-312, 2.31610571511003e-23,  2.25246041240418e-23, 7.32218735103321e+168, 2.77448001761829e+180,  2.77448001762435e+180, 2.77448001762435e+180, 2.77447958310541e+180,  NaN, 2.12202816955737e-314, -1.17954163127512e+308, 6.47418681653911e-319,  6.90984536422157e-67, -5.48612527460087e+303, 2.75983466854322e+181,  2.064754422652e-312, 9.33119502699939e-300, -2.32754178484816e+197,  NaN, -4.97287146231617e+304, 2.77448912122494e+180, 3.64593960323626e-63,  -8.89435855579363e+298, -5.59813476042989e+303, 3.23785921002061e-319,  0, NaN, NaN, 1.65780916228505e-316, -6.06476190286629e-174, 3.30199188178139e-312,  1.49552559847179e-305, 2.23564947096235e-23, -8.3711609936709e+298,  7.06327498614804e-304, 7.47094623078072e-305, 1.51479537907582e-307,  8.06135874521539e-68, 2.77448001762435e+180, 2.77448001762435e+180,  2.77448001762435e+180, 9.68780099097264e-71, NaN, 1.76865539779448e-257,  NaN, NaN, NaN, 7.2911220195564e-304, 2.37779874001328e-24, -5.9790152992453e+303,  1.65133240632716e-317, NaN, 1.390671161567e-309, -4.94890061016011e+304,  NaN, NaN, 2.77448002229203e+180, 2.77436878077629e+180, 1.39067109499433e-309,  NaN, -2.32754178484765e+197, 1.51479527590198e-307, 1.23548857951808e-258,  -4.93751166574613e+304), latitude = c(-1.60283297694686e-180,  5.17262327081614e+160, NaN, NaN, 5.24549051988569e-312, NaN,  NaN, NaN, NaN, 2.12199579047121e-314, 4.75906263318809e-299,  1.39067116156609e-309, NaN, NaN, NaN, -1.23003155723136e+260,  7.2911220195564e-304, -5.48612406879369e+303, NaN, 4.24399158143648e-314,  7.29111854287849e-304, 5.38995219951238e-312, NaN, 3.25938553492261e-310,  NaN, 1.51279849472693e-307, 7.54303191319687e-315, 0, 0, 1.05921965970709e-307,  5.43230922486616e-312, 1.38523876945168e-309, NaN, -1.056460084122e+270,  NaN, NaN, NaN, NaN, 9.80210915251063e+281, 9.61276249046606e+281,  9.61276249046606e+281, NaN, NaN, 4.93594745197572e+169, -1.60283297639742e-180,  -1.60283297694686e-180, 2.40433335567355e+108, 1.68048229156481e+117,  NaN, NaN, NaN, NaN, 8.28904556439245e-317, 0, 0, 0, 0, 0, 0,  0, 0, 0, 0, 0, 0, NaN, NaN, -5.96780469052517e+306, NaN, NaN,  NaN, 7.78667205944331e-308, 6.60045909387535e-304, 2.31578339087748e-23,  1.51479537907582e-307, NaN, 2.12199553800366e-314, 0, NaN, NaN,  NaN, NaN, NaN, NaN, NaN), temp = numeric(0))
result <- do.call(meteor:::ET0_ThornthwaiteWilmott,testlist)
str(result)