testlist <- list(doy = c(-1.09007158655015e-175, 9.82871840871573e-306, 6.83631741178536e-304,  5.77591857965479e-275, 4.90971575050201e-315, 2.11881114268223e-310,  2.31610571511003e-23, 2.25246041240418e-23, 7.32218735103321e+168,  2.77448001761853e+180, 2.77448001762435e+180, 2.77448001762435e+180,  2.77447958310541e+180, NaN, -5.82901205514875e+303, NaN, NaN,  NaN, NaN, -2.88021511976689e+304, 3.05442677315106e+231, 1.08221752834156e-312,  0, 2.21813575720106e+130, 0, 0, -5.82766743733431e+303, 1.65267725301514e-317,  0, 0, 3.23161018258325e-115, 4.11472691825965e-319, NaN, NaN,  NaN, 1.390671161567e-309, 7.2911220196625e-304, 4.3674645754188e-307,  8.28904556439245e-317, 0, 1.37982776307517e-309, NaN, 0, 0, 1.65436122510606e-24,  1.9310161697784e-312, 0, 0, 8.09140604688849e-63, 0, 0, NaN,  -4.25657043978372e+149, 1.25695062130423e-312, -6.6490746874131e+149,  1.39067107878231e-309, 0, 0, 0, 1.08221785339229e-312, 0, NaN,  NaN, NaN, 2.52467545024877e-321, NaN, NaN, 7.29112200602867e-304,  1.0640785425439e+248, 2.12445573006125e+183, 2.77448001762435e+180,  2.77448001762435e+180, NaN, 1.65780916228505e-316, 1.390671161567e-309,  -5.70159771189524e+303, 7.29111856797089e-304, 1.21339378369184e-67,  2.77448001762435e+180, 2.92406770015855e+179, 5.50814852228496e-310,  -4.25657045508627e+149, -8.37173585790035e+298, 1.39062880453911e-309,  -1.10555434829803e-175, 1.28984057852171e-314, 7.03836670552729e+94,  2.12199566448447e-314, 0), latitude = c(-1.91514459006798e-130,  2.37814268724097e-24, 1.91785760117315e-317, 7.06327446992014e-304,  7.47094623078072e-305, 1.51479537907582e-307, 8.06135874521539e-68,  2.77448001762435e+180, 2.77448001762435e+180, 2.77448001762435e+180,  6.34899725744383e-66, NaN, 3.23790861658519e-319, -8.98834993654371e+307,  4.94065645841247e-324, 5.28517144912596e-304, 5.46745148513612e-304,  -2.56716486223896e+305, -2.36757568344243e-150, -8.11145026211418e+298,  7.03104782847522e-24, NaN, NaN, NaN, NaN, NaN, -2.88021513611669e+304,  NaN, 1.33113091907193e-105, NaN, 7.43750406602294e-304, NaN,  1.08646184497373e-311, NaN, 2.77448001762442e+180, 2.77438900003661e+180,  NaN, 2.52467545024877e-321, 6.90984465683267e-67, 2.77448001762442e+180,  0, 0, 0, 0, 0, 0, 0, 0, 0, 0, 0, 0, 0, 0, 0), temp = c(Inf, NaN,  NaN, 2.72312027226697e+180, 2.77448001762435e+180, 2.7744800176181e+180,  2.77448001762435e+180, 2.25246041240418e-23, 7.29023199001299e-304,  5.38995219951238e-312, 7.29111854731497e-304, 0, 0, 1.50192485449236e-307,  7.54303191319687e-315, 0, -Inf, 2.77448001762435e+180, 5.50810672283253e-310,  0))
result <- do.call(meteor:::ET0_ThornthwaiteWilmott,testlist)
str(result)