testlist <- list(doy = c(-4.25657045508627e+149, 3.12654622001258e-319, 0,  -5.48612406879369e+303, 4.77831428368774e-299, 5.41108894317058e-312,  NaN, 2.32877565785452e+231, NaN, 4.77830972673648e-299, 0, 1.20126244963651e-305,  2.23564821977437e-23, 2.07997040236406e-312, 7.29111507978116e-304,  NaN, 3.25938482582062e-310, 3.59488861853494e+228, 1.09854906436982e+248,  NaN, 7.43750406602294e-304, 2.77448001761243e+180, 2.77447960798337e+180,  2.77448001456307e+180, 2.77448001762435e+180, 2.77438900003661e+180,  2.77448001762435e+180, 2.77448001762435e+180, 2.77448001762435e+180,  2.77448001762435e+180, NaN, 7.06238442689523e-304, NaN, 1.39067107878278e-309,  0, 7.2911220195564e-304, -5.70159252079474e+303, 7.29111856797089e-304,  1.21339378369184e-67, 0, NaN, NaN, NaN, NaN, 2.12199579047121e-314,  0, 0, 0, 0, 0, NaN, 8.28917204519778e-317, -2.67272229809615e+154,  5.24549051988569e-312, 0, 0, 0, NaN, NaN, 8.0712325733939e-65,  2.31320649354895e-23, NaN, 7.06238442689523e-304, NaN, -1.27733658230794e+294,  1.05040402300659e-19, 2.25252608503606e-23, -5.48612407661894e+303,  NaN, 1.27319747457422e-312, NaN, NaN, 1.27319747457422e-312,  -5.82896496728808e+303, 3.58399432438683e-217, -1.7995988575152e+266,  NaN, 8.28904556439245e-317, 7.06327446992014e-304, NaN, NaN,  NaN, NaN, NaN, 1.51996566569662e-75, 2.77448001762435e+180, 2.77448001762435e+180,  1.46988333943244e-317, 2.7747859158952e+180, -4.69526163440602e+305,  8.404703856815e-315, 7.03836670552729e+94, 0), latitude = c(6.83631741178536e-304,  5.77591857965479e-275, 4.90971575050201e-315, 2.11881114268223e-310,  2.31610571511003e-23, 2.25246041240418e-23, 7.32218735103321e+168,  2.77448001761853e+180, 2.77448001762435e+180, 2.77448001762435e+180,  2.77447958310541e+180, NaN, -5.82901205514875e+303, 2.31610571118186e-23,  -4.94890061016017e+304, NaN, NaN, NaN, -8.37320473411968e+298,  NaN, 0, NaN, NaN, 8.28904556439245e-317, 0, 0, 0, 0, 0, 0, 0,  0, 0, 0, 0, 0, 0, 0, 0, 0, 0), temp = c(NaN, NaN, NaN, 8.28904556439245e-317,  NaN, NaN, 2.12199579047121e-314, 0, 0, 0, 0, NaN, NaN, NaN, NaN,  NaN, NaN, Inf, NaN, NaN, NaN, NaN, 0, 0, 0, NaN, 0, 0, 0, NaN,  1.08646187735281e-311, NaN, 7.29112200602867e-304, -2.23284178089252e+306,  NaN, 2.32877713845106e+231, NaN, 9.24469209522722e+223, NaN,  4.94065645841247e-324, -2.36776797154032e-150, 2.37774230708822e-24,  5.32472423005492e-310, NaN, 7.06327793312275e-304, 2.7744800176243e+180,  2.77448001623553e+180, 2.77448001762435e+180, 2.77448001762435e+180,  2.77448001762435e+180, 2.77448001762435e+180, 2.05067748860387e-314,  -2.36757568622891e-150, NaN, 1.55410706381119e-98, 6.32898092322637e-320,  0, 0, 0, NaN, NaN, 1.76865539920534e-257, 2.12455115763345e+183,  2.77448001762435e+180, -9.7757963444207e-150, 2.25246041729606e-23,  1.00359281324447e-307, 2.7742793936379e+180, 7.15351996183438e-304,  2.77437840173063e+180, 8.40476764068988e-315, 1.20126244963664e-305,  1.51474699757184e-307, 6.34876473225476e-66, 2.7744800222921e+180,  -4.11418860962099e+303, NaN, -5.82931672019041e+303, 8.7390154279621e-310,  NaN, NaN, NaN, -8.37116099366032e+298, -8.89231481538928e+298,  1.03174956157391e+113, 2.781342323134e-309, 3.20506244267395e-310,  0))
result <- do.call(meteor:::ET0_ThornthwaiteWilmott,testlist)
str(result)