testlist <- list(doy = c(2.34347651131544e-312, -8.60707280997573e+298, -Inf,  1.0320600067879e-310, 1.4502398105091e-309, 6.63371566942148e+144,  1.22034214522788e-321, 0, 3.20506244267395e-310, 1.65597681223101e-24,  2.77448001764254e+180, 2.14722732210463e-312, -2.36757568622891e-150,  NaN, NaN, NaN, NaN, NaN, NaN, NaN, NaN, NaN, NaN, NaN, NaN, NaN,  -Inf, 2.77448001761239e+180, 2.74763378652685e+180, 2.77448001762435e+180,  2.77448001762435e+180, 2.22329540628561e-322, 2.77448002229199e+180,  3.64593960323626e-63, -8.89435855579363e+298, -5.59813476042989e+303,  3.20506244267395e-310, 0, 0, 0, 0, -1.09007158655574e-175, Inf,  1.49552559847179e-305, 2.23564947096235e-23, -8.3711609936709e+298,  7.06327498614804e-304, 7.47094623078072e-305, 1.51479537907582e-307,  3.46232721720237e-58, 2.77448001762435e+180, 2.77448001762435e+180,  2.77448001762435e+180, 6.34899725744383e-66, NaN, 1.76865539779448e-257,  NaN, NaN, NaN, 7.2911220195564e-304, 2.37779874001328e-24, -5.9790152992453e+303,  1.65133240632716e-317, 0, -1.09007158512522e-175, -1.09007158655574e-175,  7.35520414668166e-304, -5.70159253396729e+303, 3.21763131433748e-310,  1.37982759729425e-309, 1.08420216845439e-19, 2.23564821864877e-23,  -9.25783434567042e+303, 2.77448001607278e+180, 2.77448001762435e+180,  2.77448001762435e+180, 2.77436878077629e+180, NaN, 5.43239211532674e-312,  -3.15202364012037e+178, 1.65740442370798e-316, 0), latitude = c(Inf,  NA), temp = c(NaN, NaN, NaN, 1.55410706381119e-98, -5.9742422422957e+197,  3.1473339626373e-174, -Inf, -2.56716486224908e+305, 2.75083677267213e+199,  1.1241466614968e+79, -9.77579636319873e-150, 8.07123258389583e-65,  2.25246041731458e-23, 9.61276249051015e+281, 9.61276249046606e+281,  1.00360572689719e+229, 8.47429171415567e-310, NaN, 2.37814268724097e-24,  7.29102468611509e-304, 6.83542689333417e-304, 1.13193843894369e-255,  -3.98030836541825e+49, 2.25252608503604e-23, 5.54016244867193e-302,  -2.07087922743371e+289, NaN, 2.2356482197743e-23, 3.08629267666547e+179,  NaN, -9.47149607957488e-150, NaN, NaN, NaN, NaN, 5.62219326506058e-275,  9.33204199003367e-302, 4.22741222006492e-315, -5.31564275917034e+303,  6.45002700645747e-320, -4.94890061016011e+304, NaN, NaN, NaN,  NaN, NaN, NaN, NaN, 8.0712325733939e-65, 2.31320649354895e-23,  NaN, NaN, NaN, NaN, 1.27319747457422e-312, NaN, -2.01375654963395e-153,  -7.16440068726523e+300, 2.14686260534978e-312, NaN, -9.77579463330201e-150,  7.80196753690688e-20, NaN, -5.31468269036655e+303, NaN, 3.23785921002061e-319,  -1.08997783594765e-175, -1.09007158655574e-175, 5.56268464630737e-308,  1.20126244963664e-305, 1.51479537907587e-307, NaN, 7.29112204671794e-304,  4.3674645754188e-307, 8.28904556439245e-317, 0, 0, 0, 0, -5.48612406879369e+303,  7.03837307116834e+94, NaN, -1.91426407027912e-130, 5.41114135555151e-312,  -2.36776797154032e-150, -5.90833941249644e+303, 0))
result <- do.call(meteor:::ET0_ThornthwaiteWilmott,testlist)
str(result)