testlist <- list(doy = 7.06327446992014e-304, latitude = c(NaN, 8.13020829804715e-20,  -1.05658865685293e+270, 7.29112204671794e-304, -5.70159253396728e+303,  2.3777423070649e-24, 8.01665625608662e-63, -5.70159253396729e+303,  7.39655736246461e-304, NaN, NaN, NaN, NaN, 1.80331441652311e-130,  -2.07098932498233e+289, -1.14498000531073e-125, 4.77830745385382e-299,  1.39067116156609e-309, NaN, NaN, NaN, -1.23003155723136e+260,  7.2911220195564e-304, 0, 0, 0, 2.23952688500197e-23, 1.26480805335359e-321,  NaN, -2.327541784346e+197, NaN, 1.25986739689518e-321, 0, 0,  0, 0, 5.43230922486616e-312, 1.38523876945168e-309, NaN, -1.056460084122e+270,  NaN, NaN, 4.94065645841247e-324, -2.36776797154032e-150, 2.37774230708822e-24,  5.32472423005492e-310, 1.08646184497422e-311, 1.39067099610987e-309,  -5.829316720172e+303, NaN, NaN, 2.75983467100677e+181, -6.69430374754373e-153,  -9.47149713990055e-150, NaN, -2.52404400088132e+305, 1.07154136618439e-19,  6.97871818673713e-304, 1.39065491438914e-309, 0, 0), temp = c(1.49552559848603e-305,  NA, -1.60283297694686e-180, -9.67512123259982e+266, 6.22623865398037e-109,  2.41082555424281e+64, 2.41082550045177e+64, NaN, 3.30202438784243e-312,  -2.36757568622891e-150, 5.43230890149031e-312, Inf, -1.09007158655572e-175,  9.82871840871572e-306, NaN, NaN, NaN, NaN, NaN, 1.08408895213916e-19,  -1.05658865685293e+270, 1.29035286663029e+214, -1.60283297694471e-180,  2.75983466855771e+181, 2.68373944684602e+199, 1.1241466614968e+79,  1.18956620326965e-316, -2.67272229809615e+154, 2.52467545024877e-321,  -1.46694670543806e+266, -1.02357065452893e+270, 1.03910870546076e+113,  -4.09173974304332e+149, -6.11964836204952e+303, Inf, 1.12309683655919e-259,  -8.89027108356278e+298, -5.48612930060995e+303, -1.09007182280393e-175,  -8.89435855581943e+298, -5.59813476042989e+303, 3.23785921002061e-319,  -1.06607143088583e-175, NaN, 1.28984057852171e-314, -4.2565704550863e+149,  2.25246041729603e-23, 6.83542689333417e-304, NaN, -5.83006489276564e+303,  NaN, 2.74844896898174e+180, 2.77448001762435e+180, 2.77448001762435e+180,  4.50962801665095e-91, NaN, 1.390671161567e-309, 1.92105781242452e-168,  2.78066327573742e-309, NaN, 1.65475123176087e-24, -1.56667589797086e-180,  1.02012815842936e+65, -5.70159252079455e+303, NaN, 3.82492222323889e+202,  -5.83006489276564e+303, NaN, 2.74844896898174e+180, 2.77448001762435e+180,  2.77448001762435e+180, 4.50962801665095e-91, NaN, 1.390671161567e-309,  -4.94890061016011e+304, NaN, NaN, NaN, 2.15167057584961e-312,  -2.36776797157589e-150, 2.23410839172877e-23, 2.74846725597212e+180,  2.77448121256957e+180, -1.03664853340003e+270, 0))
result <- do.call(meteor:::ET0_ThornthwaiteWilmott,testlist)
str(result)