testlist <- list(doy = c(NaN, -Inf, -8.37320473411968e+298, 2.25246041309746e-23,  NaN, 2.47032822920623e-322, -Inf, 2.77448001762435e+180, 5.74153687032113e-320,  2.77448121253947e+180, -9.4714979076707e-150, 9.52122853732901e-307,  5.38995219951238e-312, 7.29111854731497e-304, 0, 0, 0, NA, -1.08997783594765e-175,  -1.09007158655574e-175, 5.56268464630737e-308, 1.20126244963664e-305,  1.51479537907587e-307, 6.83630996952172e-304, NaN, 5.59680989520268e-275,  NaN, 2.77438229112701e+180, 2.77448001762435e+180, 2.77448001762435e+180,  1.08420175655383e-19, -1.05658865685293e+270, NaN, -5.82900680265558e+303,  NaN, 2.68373944684602e+199, NaN, 1.390671161567e-309, -4.94890061016011e+304,  NaN, NaN, NaN, NaN, -9.77579636319873e-150, 8.07123258389583e-65,  7.29112204671429e-304, -5.70159253396729e+303, 7.39655736246461e-304,  NaN, 3.25938553492261e-310, 1.05517174382854e-307, 1.06099789548264e-312,  7.8804012392789e+115, 2.36362152443844e-312, -2.23284178089252e+306,  NaN, 1.08646184497373e-311, -2.0708792274225e+289, 1.05040402300659e-19,  2.25252608503606e-23, 2.77436878077629e+180, NaN, 7.29290210580475e-304,  NaN, NaN, NaN, NaN, 1.80331441652311e-130, -1.16206932114772e+306,  -Inf, 7.06327097976736e-304, NaN, 5.59680989520268e-275, NaN,  2.77438229112701e+180, 2.77448001762435e+180, 2.77448001762435e+180,  2.36468317547528e+179, NaN, 0), latitude = c(-1.91514458912328e-130,  NaN, 1.76865539920534e-257, 2.12455115763345e+183, 2.77448001762435e+180,  -9.7757963444207e-150, 2.25246041729606e-23, 1.00359281324447e-307,  2.03471054926801e-319, NaN, NaN, 2.00995441320226e-310, 1.37982759729425e-309,  1.34659478278567e+214, NaN, 6.4757678266058e-319, 2.77437840173063e+180,  -4.93751166574434e+304, -1.86528218318548e+305, NaN, NaN, 1.39064994159138e-309,  2.77448001761239e+180, 1.21339378369181e-67, 9.52157095844336e-307,  1.49552559846945e-305, 6.45725096221825e-298, 1.23465058089838e-67,  2.85279194739815e+180, 2.77448001762435e+180, -5.96890298676323e+306,  NaN, -1.36055876906083e+306, 0), temp = c(NaN, 5.87977829609463e-222,  -5.56545772565456e+303, 1.20737317206507e-67, 2.70781125725839e-317,  0, 0, -1.09007158655015e-175, 9.82871840871573e-306, 6.83631741178536e-304,  5.77591857965479e-275, 4.90971575050201e-315, 2.11881114268223e-310,  2.31610571511003e-23, -5.5651844320457e+303, NA, NaN, NA, 7.2911220195564e-304,  NaN, 3.47306054607043e-164, NaN, NaN, 3.23790861658519e-319,  1.23465058089592e-67, NaN, -2.67272229809623e+154, NaN, NaN,  7.2911220195564e-304, 2.37779874001328e-24, -5.9790152992453e+303,  5.28516926532704e-304, NaN, NaN, NaN, 2.25246041309746e-23, NaN,  2.47032822920623e-322, 8.13151627739075e-20, -1.05658865685293e+270,  -7.29111964292111e-304, NaN, NaN, 7.29112204671753e-304, -5.70159253396729e+303,  7.39655736246461e-304, NaN, NaN, NaN, NaN, 1.80331441652311e-130,  -2.07098932498233e+289, -1.14498000531073e-125, 1.55755085424027e-307,  2.77447963586854e+180, 2.77448001762435e+180, 2.77448001762435e+180,  2.74600338452034e+180, NA, 1.39069238152491e-309, NaN, NaN, NaN,  NaN, 2.52467545024877e-321, 9.52411564641767e+281, 1.0569092306956e-307,  2.72311959207815e+180, 0))
result <- do.call(meteor:::ET0_ThornthwaiteWilmott,testlist)
str(result)