testlist <- list(doy = c(2.77448001761829e+180, 2.77448001761609e+180, 2.77448001762435e+180,  2.77436878077629e+180, NaN, 3.25930678898505e-310, 2.01117118947569e+154,  3.93746089611559e+92, 1.06399912715412e+248, 3.21115199746901e-317,  4.73790921722628e+226, 0, 0, -5.48612406879369e+303, NaN, 8.20416880503643e-63,  -4.11418860962099e+303, NaN, -5.82931672019041e+303, 8.7390154279621e-310,  NaN, NaN, NaN, NaN, NaN, NaN, NaN, NaN, 3.23785921002061e-319,  0, 0, 0, 0, 0, 0, 0, 0, 0, 0, 0, 0, NaN, NaN, NaN, 5.43230922360629e-312,  NaN, NaN, 1.65780916228505e-316, -1.91426406366611e-130, 9.92845201353788e-303,  1.36442400691897e-284, 7.29023199001307e-304, 3.24180905026495e+178,  NaN, NaN, 1.23465058365945e-67, 2.64207361737703e-308, 1.22881024702048e-303,  2.12455197125773e+183, NaN, 1.39067049844331e-309, 2.23564839612726e-23 ), latitude = c(2.72311959388965e+180, 6.74438731556209e+117,  7.83404178091192e-174, 2.64207361737716e-308, 1.77623893613385e+180,  2.77448001762435e+180, 2.77448001762435e+180, NaN, NaN, 7.6895511336521e-65,  0, 5.43721888973778e-312, -5.48643275535533e+303, -2.32754191277016e+197,  2.25248680919821e-23, NaN, 1.3925050619474e+88, 2.77447923658344e+180,  2.74763378652685e+180, 2.77427939363089e+180, 2.77448001762435e+180,  3.79228092584927e+179, 2.77448001762435e+180, 2.77448001762435e+180,  2.77448001762435e+180, 2.77448001762435e+180, -1.37981338171922e+267,  6.46316915263685e-319, 6.90984536422157e-67, 2.32839881407761e+231,  NaN, NaN, NaN, 1.08408895213916e-19, -1.05658865685293e+270,  6.69797659595574e+144, NaN, NaN, NaN, NaN, NaN, NaN, 8.28904556439245e-317,  -5.48612406879369e+303, 5.48612406879369e+303, NaN, NaN, NaN,  NaN, 1.27319719758126e-312, 5.94827382824207e+228, -2.92733683114234e-181,  -1.60283297694686e-180, 4.64039625001286e+226, 6.22623865398037e-109,  3.62473289151349e+228, -5.48613453274524e+303, NaN, 1.39067116124447e-309,  NaN, NaN, 4.24399158143648e-314, 6.38062179665525e-304, 2.31578339087748e-23,  1.51479537907582e-307, NaN, -8.89435855586625e+298, NaN, -5.82931672019041e+303,  7.29112200863032e-304, 5.29946982737828e-169, -9.73760916695328e-150,  -4.09224164129971e+149, 1.39067107878231e-309, NaN, 6.90984465683301e-67,  -1.09007158655575e-175, -8.89464595674996e+298, NaN, -2.01375654963395e-153,  2.77448001762442e+180, 8.38760672502198e-315, 1.49552559846945e-305,  2.23564947096235e-23, NaN, NaN, NaN, NaN, NaN, 1.80331613628628e-130,  NaN, 1.33113091907193e-105, NaN, 5.17222280267052e+160, 3.93750549037925e+92,  -4.20300957731765e+149), temp = numeric(0))
result <- do.call(meteor:::ET0_ThornthwaiteWilmott,testlist)
str(result)