testlist <- list(doy = c(2.7744800176243e+180, -4.69508416579295e+305, NaN,  NaN, NaN, NaN, NaN, -5.48612529503771e+303, 5.77336965693592e-114,  -2.56709928478384e+305, 1.00092956900804e+65, 3.23161097932102e-115,  1.39677729024994e-306, -1.23387897093268e-178, -1.09007158655574e-175,  1.28984057852171e-314, -4.2565704550863e+149, 3.20654783649762e-310,  -4.25657042460044e+149, 1.51475104583835e-307, 5.38995219951238e-312,  7.29111854731497e-304, 0, -4.25657042460044e+149, 9.92707245400622e-303,  1.36442400691897e-284, 1.65264662094509e-317, 0, 0, NaN, NaN,  2.77448001762435e+180, 2.77448001762435e+180, 2.22329540628561e-322,  2.77448002229199e+180, 3.64593960323626e-63, -8.89435855579363e+298,  -5.59813476042989e+303, 3.23785921002061e-319, 1.55755085215672e-307,  2.77447923393683e+180, NaN, NaN, NaN, NaN, NaN, NaN, -4.93751166574633e+304,  7.03836672952001e+94, 2.12199566448447e-314, 0, 0), latitude = c(5.48612406879369e+303,  NaN, NaN, NaN, NaN, 4.93594745197572e+169, -1.60283297639742e-180,  -1.60283297694686e-180, 2.40433335567355e+108, 1.68048229156481e+117,  1.0965960889945e-72, 5.59697087352556e-275, 1.17197219369067e-258,  NaN, 2.77448001762442e+180, NaN, 2.37814268952219e-24, 1.76865539920537e-257,  1.33346793027156e-314, 3.13151156929223e-294, 1.36254714880261e-105,  NaN, 5.17222280267052e+160, NaN, NaN, NA, NaN, NaN, 1.27319747457422e-312,  -1.78949911072242e+266, NaN, -2.68156158101323e+154, -5.48745820213964e+303,  NaN, -8.8943585558672e+298, NaN, Inf, NaN, 8.07123258385481e-65,  NaN, 8.74580648136793e-310, 9.73469813070846e-309, 8.37337723679504e+115,  5.48612406879369e+303, 2.74763378652685e+180, NaN, NaN, NaN,  NaN, NaN, 1.27319719758126e-312, 2.1165173575417e+214, 0), temp = c(NaN,  NA, -4.09174213162958e+149, -6.11964836204952e+303, 6.74439020548806e+117,  2.77448001761239e+180, 1.55410706054091e-98, 2.77448001761829e+180,  2.12455115763345e+183, NaN, -9.7757963444207e-150, 2.25246041729606e-23,  1.00359281324447e-307, 2.03471054926801e-319, NaN, NaN, 2.00995441320226e-310,  1.37982759729425e-309, -4.38889922892597e+305, NaN, 1.0842021724855e-19,  -1.05658865685293e+270, -4.93751166574434e+304, 1.0842021724855e-19,  -1.05658865685293e+270, NaN, 1.39064994159138e-309, -4.25657045508627e+149,  2.25246041729603e-23, -4.94890061016017e+304, NaN, NaN, NaN,  NaN, NaN, NaN, NaN, 1.55755097483461e-307, 3.59488861852632e+228,  1.09854906436982e+248, NaN, 3.28556362806675e+180, 4.87620583420805e-153,  NaN, 1.21016313125745e-305, 5.77662199410918e-275, 7.3979255376032e-304,  2.77448001456307e+180, NaN, NaN, NaN, NaN, NaN, NaN, NaN, 4.36746457546879e-307,  8.28904556439245e-317, 0, 0, NaN, NaN, NaN, NaN, NaN, 1.08408895213916e-19,  -1.05658865685293e+270, 1.29035286663029e+214, -1.60283297694471e-180,  2.75983466855771e+181, 2.68373944684602e+199, 1.1241466614968e+79,  -1.37007811878869e+266, 2.37774230707205e-24, 8.01665625608662e-63,  NaN, 2.77448001762435e+180, NaN, 2.23564947096947e-23, 1.23465058089838e-67,  5.20885900612609e-317, -6.5147723112551e+303, 4.93637233574802e+169,  NaN, -3.79693901453964e+305, NaN, NaN, NaN, NaN, NaN, 7.4184139595192e-68,  NaN, NaN, -8.98846567424643e+307, 9.0707523845019e-97, -5.48612406871386e+303,  6.83631692287773e-304, 5.77591857965479e-275, 0))
result <- do.call(meteor:::ET0_ThornthwaiteWilmott,testlist)
str(result)