testlist <- list(doy = c(7.32218735103321e+168, 2.77448001761829e+180, 2.77448001762435e+180,  Inf, 2.77447958310541e+180, NaN, NaN, -9.77579636319863e-150,  2.23564947571107e-23, NaN, -2.01375654963395e-153, 2.77448001762442e+180,  -Inf, 1.20126174937802e-305, NaN, 1.65436122510606e-24, -1.05658865685293e+270,  1.21339378369181e-67, 9.52157095844336e-307, 5.38995219951238e-312,  3.92910790962688e-24, 3.24082360389566e-319, -1.05658855845218e+270,  -2.327541784346e+197, -4.93775957958425e+304, NaN, NaN, 2.12199579047121e-314,  0, NaN, 0, 0, 0, 0, 0, 0, -5.83006489276564e+303, 0, 4.77830972670171e-299,  -5.48612406879369e+303, NaN, 1.08646187735281e-311, NaN, 7.29112200602867e-304,  -2.23284178089252e+306, NaN, 1.08646184497373e-311, -2.0708792274225e+289,  1.05040402300659e-19, 2.25252608503606e-23, -5.48612407661894e+303,  5.43230857854924e-312, 8.28891957765276e-317, -1.23387897093268e-178,  -4.69508955460523e+305, NaN, 2.73546527613654e-310, -1.91514459006798e-130,  2.37814268724097e-24, 1.91785760117315e-317, 8.22441337880043e-317,  2.77447923392645e+180, 2.77448001592701e+180, NaN, 1.0842021724855e-19,  -1.05658865685293e+270, NaN, -1.37252990932781e+268, 4.64039625001286e+226,  -2.68123467867297e+154, 2.23564947096235e-23, -8.3711609936709e+298,  0), latitude = c(NaN, NaN, 7.2911220195564e-304, 5.77591857965479e-275,  4.90971575050201e-315, 2.11881114268223e-310, 2.31610571511003e-23,  2.25246041240418e-23, NaN, 2.72329372041956e+180, 1.47824111801083e-75,  3.24208232615786e+178, 2.77448001762435e+180, 2.77448001762435e+180,  2.77448001762433e+180, 2.77448001762435e+180, 2.77448001762435e+180,  2.77448001762435e+180), temp = c(5.46834151466709e-304, 6.19976609461355e+223,  6.2093081455069e+109, 1.68048229156481e+117, 1.5319122082349e-94,  NaN, 4.71338726687368e+257, 2.05568334443524e-314, 0, 0, 0, -9.77579635637042e-150,  0, 4.16071257231197e-315, 0, 0, 1.34178037854316e-309, 2.77448001761239e+180,  3.28311216472015e-317, 7.06327446992014e-304, 7.47094623078072e-305,  1.51479537907582e-307, 8.06135874521539e-68, 2.77448001762435e+180,  2.77448001762435e+180, 2.77448001762435e+180, 6.34899725744383e-66,  NaN, 3.52953696534131e+30, 5.29946982737828e-169, 4.75964421402763e-299,  -5.48612406879369e+303, 1.342845573092e-309, -1.99674272160675e-183,  4.64039625001286e+226, 1.20126174936788e-305, NaN, NaN, -1.09004169701426e-175,  3.30199188178139e-312, 1.49552559847179e-305, -2.92733683115884e-181,  -1.60283297694686e-180, -1.60283297694686e-180, 7.69985693366077e-307,  2.40433335567355e+108, 9.26370004938598e+25, -5.00499797851043e+120,  4.77830972666681e-299, 3.63696496778465e-307, 1.51479537907587e-307,  6.83630996952172e-304, NaN, 6.83631692287757e-304, NaN, 1.25986739689518e-321,  0, -4.09174213162958e+149, 1.39067107878231e-309, 0, 0, 3.20506244267395e-310,  2.94649684109253e-317, 0, 0, NaN, NaN, 2.32877565785452e+231,  -5.96890298672089e+306, -4.25756165025619e+149, 2.2525273127008e-23,  2.25246041240418e-23, 7.31389495312711e+168, NaN, NaN, 1.37982776307517e-309,  NaN, 0, 3.92910790962688e-24, 3.24082360389566e-319, -1.05658855845218e+270,  -2.327541784346e+197, -4.93775957958425e+304, 8.09140604695924e-63,  NaN, 6.4757678266058e-319, 1.34721268744424e-309, 5.38995155193065e-312 ))
result <- do.call(meteor:::ET0_ThornthwaiteWilmott,testlist)
str(result)