testlist <- list(x = c(NaN, NaN, -3.5659806447159e+304, 3.23785921002061e-319,  0, 0, 0, -4.94139860859531e+77, 1.8011659123087e-226, 1.80107573659442e-226,  1.80110794818618e-226, 1.80107573644527e-226, 8.12879116766519e-315,  -Inf, 1.9325078957798e-312, 0, NaN, -1.40444776161118e+306, NaN,  NaN, 1.96875, NaN, 1.32375654183972e+219, 1.29849269277858e+219,  1.27963132616389e+219, -2.94414438258353e+47, -2.94449594579902e+47,  NaN, -2.94449594579902e+47, -2.94449594579902e+47, -2.94449594579902e+47,  -2.94449594579902e+47, -2.94449594579902e+47, 1.22218736751431e+251,  1.29849244986344e+219, 1.29849269277858e+219, 1.10313090231045e+217,  1.10313068039846e+217, 0, Inf, 0, 0, 8.19687222401409e+107, 8.19687411242632e+107,  8.19687411242632e+107, 8.19687411242632e+107, 8.19687411242632e+107,  -5.01868018639533e+284, 1.05436776599786e-255, -5.46354690059085e-108,  NaN, NaN, NaN, NaN, -Inf, NaN, NaN, NaN, -5.46354690487052e-108,  NaN, -5.33131728837185e-108, -9.94360022356134e+303, 1.80104986506621e-226,  1.01937274170287e-298, 4.94382525975183e-310, 4.79822067298709e-299,  1.42448178926647e-226, 1.80107573659442e-226, 7.08386940911247e+221,  1.29054283850848e-306, 0, 9.49786036114759e-227, NaN, 1.80107573644527e-226,  9.27114107711331e-311, 4.57678595872942e-246, 1.41126738625863e+135,  2.31314121465904e-312, -9.25782913411373e+303, 1.79489223360303e-226,  NaN, NaN, -2.28998920847887e+226, 1.87981234438433e-226, 1.79942671400312e-226,  4.5767859589339e-246, 1.4244817892735e-226, 1.80107573659442e-226,  3.06844236056468e-294, NaN, -9.01095878299363e+306, 0), y = c(1.80187432709692e-226,  NaN, 1.29849269277861e+219, 1.29841901556524e+219, 5.92121705581053e-310,  5.37148324992847e-222, 1.79486485889173e-226, 1.8010707924096e-226,  3.13151305668113e-294, 2.37337647285005e-308, 1.80107635932276e-226,  1.29849269277858e+219, 1.29849269277857e+219, 1.80122446397596e-226,  4.79822275051074e-299, 1.80105158228657e-226, 1.80107573659442e-226,  1.002359548047e-226, 1.79981002528112e-226, 7.31489600618897e-304,  1.80105147090432e-226, 8.39911597930119e-323, 4.73202294463284e+130,  NaN, NaN, NaN, NaN, NaN, NaN, NaN, NaN, 0, 8.73665562662977e+252,  7.72782062661716e+228, 6.77023560572249e+223, 6.84726948755392e-08,  3.18352276796057e+151, 3.50636395563941e+151, 1.68048229156452e+117,  1.5319122082349e-94, NaN, 1.4244817892735e-226, 1.80107573659442e-226,  5.42146837820536e-222, -4.94046247412549e+77, 1.80107569840959e-226,  2.85359809207065e-226, 9.49785281502358e-227, 5.97161285018508e+218,  9.07049181024947e-315, 0, 0, 8.09477154146298e-318, 0, 9.93770024073864e-225,  1.87981233915398e-226, 5.39551146516664e-299, 9.88131291682493e-324,  1.08646239541868e-311, 3.13151305668112e-294, 3.22610044764959e-319,  0, 0, 0, 0, 0, 0, 0, 0, 0, 0, 0, 0, 0, 0, 0, 0, 0, 0, 0, 0, 0,  0, 0, 0, 0, 0, 0, 0, 0))
result <- do.call(netrankr:::checkPairs,testlist)
str(result)