testlist <- list(x = c(-1.17037313467948e+304, 1.80107573797039e-226, 1.80107573659445e-226,  2.62806864844326e-298, 1.79445134235185e-226, NaN, 2.83772940641235e+48,  1.80187432709699e-226, 1.80107562924358e-226, 1.88882511658817e-226,  -6.23485117337906e+303, NaN, NaN, NaN, NaN, -5.46354799618551e-108,  -9.01049622743489e+306, -5.54340321542121e-111, 1.80105216684605e-226,  1.80107573659442e-226, 1.29849244986344e+219, 1.29849269277858e+219,  1.27963132503968e+219, 1.10663159991807e+217, 0, 2.36522743650888e-308,  0, 0, 0, 0, 0, 8.44254251528635e-227, 1.00255192262223e-226,  1.80107573659442e-226, 2.37340560041914e-308, 1.8010697609189e-226,  2.11516368570259e-314, 2.49430779538657e-304, 1.0639360792509e-298,  1.8010757365998e-226, -1.17037313467599e+304, 1.03451871554549e-255,  1.80107573659442e-226, 8.39911597930119e-323, -3.24180903818828e+178,  -4.94038738312098e+77, 1.80107608884331e-226, 1.80107573659442e-226,  1.80107586242095e-226, 1.80107573659384e-226, 5.52603037626163e-318,  1.79404039143148e-226, 1.22449803654909e-225, 9.53303759017751e-227,  1.80107563871053e-226, NaN, 1.79527698506211e-226, NaN, NaN,  NaN, NaN, NaN, NaN, 7.22947573429304e+221, 9.93770024073864e-225,  1.87981233915398e-226, -2.28998945402875e+226, 279668.016669839,  NaN, -7.2911220195564e-304, 1.29849269428443e+219, 1.29849269277858e+219,  1.05565803090214e-41, 1.84188686104486e-226, 1.80107573622586e-226,  1.80107573659442e-226, 1.29841901556154e+219, 5.92121705581053e-310,  0, 2.24032175459627e-178, 9.1158662013441e-316, 8.33130329552064e-316,  0, 0, 0, 2.31407681284749e-306, 9.23492568228087e-311, 2.3734121156416e-308,  1.22218759886461e+251, 1.29849244986344e+219, 1.29849269277858e+219,  1.29849269277858e+219), y = c(NaN, 1.30956503797948e-306, 1.3031952186927e-307,  1.80123515504931e-226, 2.91042235722215e-241, 2.47752079486075e-244,  1.29848095646585e+219, 2.31297541242388e-312, 0, 8.2964068972876e-246,  -5.4861816073686e+303, 1.09881710835805e-191, 1.79695340098704e-226,  3.85202584463006e-217, 9.27114107711331e-311, 1.80123515504931e-226,  1.29849269277857e+219, 2.3220459039624e-312, 0, 0, 0, 1.27963132503966e+219,  1.29849269277858e+219, 6.94494804030809e-223, 2.37338225810928e-308,  9.27111562663726e-311, -1.16606929636174e+304, NaN, 1.27998754445383e+219,  8.96917428029194e-227, 5.36004626440927e-222, NaN, 4.95795871436792e-302,  NaN, NaN, NaN, NaN, NaN, NaN, 2.0080414659448e+131, 4.57671146819021e-246,  1.89918727064448e-226, -2.46982603185789e+304, -2.98398246137686e+305,  1.80204824270616e-226, 1.79942680250941e-226, 7.31489600618897e-304,  8.39911597930119e-323, 0, 0, 0, 0, 0, 0, 0, 0, 0, 0, 0, 0, 0,  0, 0, 0, 0, 0, 0, 0, 0, 0, 0, 0, 0, 0, 0, 0, 0, 0, 0, 0, 0, 0 ))
result <- do.call(netrankr:::checkPairs,testlist)
str(result)