testlist <- list(idx = c(1.11362339109857e-309, -Inf, -2.70494424244937e-11,  -6.24349633008032e+144, -6.27743856220419e+66, 8.48843732184707e-305,  5.41292898731867e-300, -8.22752278660617e+62, -2.45212345362145e+64,  -6.8034829724084e+305, 3.95842112440199e-59, NaN, -8.22953145916135e+62,  NaN, NaN, -6.66396845126595e+63, 5.39198933343037e+67, NaN, 9.61276249046606e+281,  4.55695126224305e-303, 5.72908478175158e+67, NaN, 1.1179905167827e-309,  5.99885141417019e+67, -9.32023578719762e+61, NaN, -Inf, 5.24036644969119e-63,  9.61276248013038e+281, 9.61276249046606e+281, 2.77448001762684e+180,  2.77448001762435e+180, 2.77448001762435e+180, 2.77448001762435e+180,  2.77448001762435e+180, -2.7744800176335e+180, 1.66897965615863e-307,  NaN, NaN, 2.75117951516244e+180, 2.77448001762435e+180, NaN,  3.60081100509198e+228, 3.56319517302472e+228, 1.09854906436982e+248,  3.68169901359713e+180, 3.07839226128608e+169, 1.11450306204192e-309,  4.89001727999039e-10, NaN, NaN, 3.36824391899913e-310, NaN, NaN,  8.05143596199642e-233, 7.25755122003874e-146, 3.23785921002061e-319,  0, Inf, NaN, 5.09970113046522e-318, -8.22752278660603e+62, 7.458740942839e-146,  6.40666325304342e-145, NaN, -3.72983104914246e+305, 1.70591814645341e-314,  4.23758332042275e-310, -7.1068164916345e-15, -2.70494424244937e-11,  -2.70494424244937e-11, -2.70494424244937e-11, -2.08849643609004e+307,  -6.27743856299845e+66, -2.23756681748204e+65, 2.60298485511461e-319,  6.46603900210991e-315, -1.07986236819643e+63, -6.27743856217967e+66,  NaN, 4.77521284050063e-308, NaN, NaN, NaN, -6.23998189582916e+305,  1.70589825042985e-314, 3.36820189742115e-310, 9.61276250175192e+281,  2.59898715856342e-312, 1.20396110574488e-218, -9.26257593346166e+278,  -6.21424596460518e+66, 1.01283457397456e-321, -6.10331405871828e+303,  NaN, 0), v = c(NaN, 1.4566309528232e+180, 1.276895749247e+161,  6.45863181154393e+170, 3.84322829044175e+224, 3.33118944628688e-28,  -Inf, 3.21060901932424e-317, 2.06541522801649e-27, NaN, NaN,  -4.69526163440602e+305, 9.07750605905396e+223, 4.55926950607007e+169,  -1.13222869401957e-72, -1.37922653379336e+126, -2.23756681902054e+65,  2.60298485511461e-319, 6.46603900210991e-315, -1.07986236819643e+63,  -6.27743856220419e+66, 3.70525519229935e-317, -7.01184991333563e+274,  NaN, NaN, NaN, -6.23998189582916e+305, 5.77336965491209e-114,  4.28737568547723e+160, 9.26369954273059e+25, 8.90389806611905e+252,  7.29112201964143e-304, 2.77463000502368e+180, 2.77448001762435e+180,  2.77448001762435e+180, 2.77448001762435e+180, NA, 2.77448001762435e+180,  7.88472158619321e+181, 9.52244012791934e-307, -5.48612533597681e+303,  2.12179461075957e-106, 2.85279195358044e+180, 2.77448001623553e+180,  -4.69526163440602e+305, NaN, -6.23998189582916e+305, 5.77336965491209e-114,  4.28737568547723e+160, 3.93746079909531e+92, 1.06399912715412e+248,  NA, 1.31570386618014e-312, NaN, NaN, 7.09976567101408e-304, NaN,  NaN, 3.3421433707209e-313, 7.2903495044423e-304, 0, 0, NaN, 8.05143596199642e-233,  0, -6.27743597849989e+66, 0))
result <- do.call(nanotime:::nanotime_subset_numeric_impl,testlist)
str(result)