testlist <- list(idx = c(-36712495.8156757, NaN, -2.06384210019105e-301,  7.65258278843507e-320, 7.29023198995994e-304, 1.37474836022037e+77,  -2.04084220012512e-301, 1.06559867695421e-255, NaN, 157666668888195040,  0, 2.0549049897003e-81, -5.68421591171691e-303, -3.29126424782206e+305,  -7.18832577687133e-300, 1.53063836115604e-18, 1.53063836115601e-18,  1.53063836115601e-18, NaN, 5.70394187367118e+193, -2.04220126828322e-301,  NaN, -0.000976443290710421, -2.04084220015094e-301, 131071.991195446,  5.90284894491274e-163, -2.74315201648985e+304, NaN, NaN, NaN,  NaN, NaN, NaN, 7.105427357601e-15, NA, 1.53063836115601e-18,  NaN, NaN, -1.5366310803511e+306, NaN, -7.31203293328815e-304,  -1.4425878136432e+135, -1.98528967112807e-301, 6.05676842954095e+144,  -1.53663108035485e+306, NaN, NaN, -1.1720257581178e+307, NaN,  5.90420290761899e-163, -5.48745823135845e+303, -5.48612406875383e+303,  NaN, -7.8646396130828e+307, 3.11581128117993e-306, 3.81573858411587e-236,  -1.10957441740642e-72, NaN, NaN, 9.67140655691703e+25, 1.27741447263997e+238,  1.78874144412943e+161, -8.59534613301045e-07, 0), v = c(6.62672802239114e+91,  NaN, Inf, 1.68058972348223e+117, 2.3666379341918e-289, -9.32641091682156e+304,  NaN, 6.04842278953595e+144, -5.48562312252354e+303, 4.94065645841247e-323,  -2.0638414466016e-301, 4351.50712975895, NaN, NaN, NaN, NaN,  NaN, NaN, NaN, NaN, NaN, NaN, -7.14309014119996e+274, NaN, 1.32510477130928e-105,  5.03026681698713e+180, -6.50322948806425e-181, 2.5548987374741e-309,  3.01916993985723e+169, 9.08787307727862e+223, NaN, -5.5437125880334e+303,  8.28904556439245e-317, 0, 5.41108926569664e-312, 0, 0, 0, 4.10074486048235e-322,  -36712495.8156757, 1.98685234537634e-286, 7.15598007961386e-304,  NaN, -1.45367744859121e+135, 4.42265372543554e-258, 1.11074856443745e-314,  NA, 7.29112202552492e-304, 5.43239244041897e-311, NaN, NaN, NaN,  -2.74315201648996e+304, NA, NaN, -4.11459305159527e+304, NaN,  NaN, NaN, -1.03872662648538e+178, -1.05835530364382e+178, -1.05835530364382e+178,  -2.0638414466016e-301, -2.04220038873524e-301, NA, 5.7039246861146e-310,  -5.49148683168332e+303, 1.03926758068337e-309, 7.27940179203011e-310,  NaN, NaN, 3.08058724566052e+301, NaN, -5.5437125880334e+303,  4.23061550179773e+96, 1.27741322615321e+238, 1.17233881301217e+214,  1.68048229123605e+117, 1.5319122082349e-94, 3.43532093408252e+228,  NaN, -1.12698545150205e-72, NaN, 5.7039246861146e-310, 1.62756395651803e-260,  1.11074856443745e-314, 5.30531327815615e-315, -3.29126272422286e+305,  -6.46667732141223e-310, -3.6895902464514e-164, -3.29124590654144e+305,  2.50873778192597e-311, 0))
result <- do.call(nanotime:::nanotime_subset_numeric_impl,testlist)
str(result)