testlist <- list(idx = c(-5.48612407414379e+303, NaN, NaN, -1.23699859122813e-178,  7.13658556857493e-318, 6.14901017618294e-260, -1.4044624896424e+306,  6.04838890935902e+144, 2.7813635433474e-309, NaN, 5.97533633477818e-310,  6.05676843381024e+144, 6.05639482869808e+144, 7.22080620030274e-304,  -2.25, NaN, -3.10503618460142e+231, -1.10957441938258e-72, -1.10957441834902e-72,  131071.99975586, NaN, -2.04220126828322e-301, NaN, 1.53063836115601e-18,  7.61849225887202e-320, 7.29023198995994e-304, 1.37474836022037e+77,  -2.04084220012512e-301, -9.23922933395757e+32, 2.03326211728131e-260,  7.12112637676624e-304, -5.82766743734554e+303, 1.38548903374899e-101,  NaN, NaN, NaN, NaN, NaN, NaN, NaN, NaN, NaN, NaN, NaN, NaN, -5.78078893576991e+303,  -5.50019548798326e+303, 1.98685138633729e-286, 0, 2.05469505012444e-81,  8.56132536385185e+223, NaN, NaN, 6.05677141830107e+144, 0, 0,  0, 0, 0, 0, 0, 0, 0), v = c(3.93746093527146e+92, 1.06399912715412e+248,  2.4404769475054e-152, 1.97017808908139e-286, 127151.937255874,  2.42088035268453e-305, 2.05469505011199e-81, NA, 8.80162325646586e-310,  NaN, -8.84262632372495e+304, 4.72214771783363e-62, 4.66726145839586e-62,  4.66726145839586e-62, 4.66726145839586e-62, -6.99947713877414e-303,  -2.06384209337233e-301, 1.3350461700768e-307, 1.53062741317963e-18,  1.57064037071097e-307, -5.48612406879369e+303, 1.4990670939891e-202,  1.63366503579204e-308, NA, NaN, 2.65087415893749e+180, -3.29124583783733e+305,  -5.49148682373644e+303, NaN, 7.2911220195564e-304, 2.05033166947897e-260,  NaN, NaN, 5.98008216632976e+197, 2.18023799540594e-289, 7.27940179202374e-310,  3.47689010997242e-310, -8.94445664335293e+303, 2.67084363857761e+265,  1.06399912715412e+248, 2.44047694778324e-152, 36893478006849675264,  1.19370552287361e-312, 1.62995977669684e-260, NaN, NaN, -5.53956966279204e+276,  5.63655131481085e-315, 1.38545287789678e-309, 1.813229813419e-317,  2.05469505331541e-81, 4.74131199180455e-62, 4.66726145839586e-62,  4.66726145839586e-62, 4.66726145839586e-62, 1.06803545208346e-307,  0, NaN, 1.25492674043677e-321, 0, 0, 1.76125650650118e-312, 3.01414115527348e+301,  NaN, 3.083810633619e-306, 4.66726145839586e-62, 4.66726145839586e-62,  1.12414655135495e+79, 7.47868160879857e+247, 6.84976355123871e+180,  3.07839226128608e+169, 9.07657702144378e+223, 1.26541255670203e-306,  NaN, -3.29126424782201e+305, 2.749439197446e-82, 2.65087415893749e+180,  5.56278262279241e-309, 131061.874766346, NaN, NaN, 9.26419838543101e+25,  8.90389806611905e+252, 4.73786337005105e+164, NaN, NaN, 7.2911220195564e-304,  -5.48612406879369e+303, NaN, NaN, NaN, 4.77947632030566e-299,  -5.48612406879369e+303, 1.3348773518388e-306, -9.25649166939096e+303,  -9.08840995010921e+303, 4.6672614555545e-62, 0))
result <- do.call(nanotime:::nanotime_subset_numeric_impl,testlist)
str(result)