testlist <- list(idx = c(NaN, 7.1559800727533e-304, 3.91648201987887e-306,  NaN, NaN, 3.53121319574526e-310, NaN, 2.78138473737003e-309,  -2.04242442256137e-301, 1.42873423644205e-101, -8.98745417018614e+307,  2.77965939806721e-309, 9.12487688416196e+192, NaN, NaN, NA, -3.10503618460142e+231,  NaN, 2.2280955805086e-312, -2.00505803922624e-178, 4.77830973605411e-299,  -5.48612407390335e+303, -1.10957441746383e-72, 7.2399141733876e-304,  4.47727903545643e-260, 4.55425978775823e-258, 6.05607485677076e+144,  2.30880349508016e-289, -9.32641091682156e+304, NaN, 5.7039246861146e-310,  9.37250551741475e-97, -2.04220038872469e-301, 1.12414655135495e+79,  7.47868160879857e+247, 6.84976355123871e+180, 3.07839226128608e+169,  9.07657702144378e+223, 1.26541255670203e-306, 6.42098950406831e-309,  -3.29126424782201e+305, 2.749439197446e-82, -1.43042360740024e+107,  5.56278262279241e-309, 131061.874766346, NaN, NaN, 2.63582345746641e-82,  1.53063836115601e-18, 1.63747643027714e-114, 7.47868160879921e+247,  -3.29126272421811e+305, -3.15509246625001e+307, 1.49059303157776e-202,  -2.04228492666011e-301, -8.94445733834165e+303, 4.77923023096081e-299,  131071.999755897, NaN, 1.1125369292536e-306, -2.04220038872469e-301,  2.8434776030787e-312, 5.88034161918206e-39, 2.66761603640015e-260,  -9.2392293107466e+32, -Inf, -3.198836313505e+307, -5.82766743739616e+303,  -7.86490746502263e+307, 7.40612793408552e-305, 6.47581723317039e-319,  6.14901017618294e-260, 2.18326176106874e-317, NaN, 2.05469505011199e-81,  3.29443812876017e-82, 2.5531855170124e-310, 1.530638361156e-18,  1.53063836115601e-18, -2.04220038872469e-301), v = c(-4.77830802678005e-299,  NaN, NaN, 2.11142460555325e+233, NaN, NaN, NaN, NaN, NaN, NaN,  4.77923024869204e-299, 131071.999755897, 7.26613558593833e+223,  2.4404769475054e-152, -3.48316555390217e+304, 7.50857176260058e-308,  -1.1720257581178e+307, NaN, 5.73054988031547e-163, -5.48745823135845e+303,  2.75125892478767e-135, 1.46102276152101e-308, -5.65912980665418e+303,  -1.45365526723366e+135, 4.78064288026813e-299, 1.88705529890636e-234,  -1.58631745045371e-300, NaN, NaN, 2.08499406808848e-148, 6.87483818331515e+175,  -8.94445567053651e+303, 2.67084363857761e+265, 6.04838781628262e+144,  -1.5863174504543e-300, 1.4990665732609e-202, 7.40505013621649e-305,  NaN, NaN, NaN, 7.1559800727533e-304, 3.91615719678231e-306, 4.77861958628047e-299,  2.12500000000637, -8.92432212355688e+32, -9.23923411592227e+32,  -9.23923411592227e+32, -5.48612812202595e+303, NaN, 5.69707910726876e-304,  4.24399168173181e-314, 131071.9375, 1.43082244053031e-312, -5.48612406879369e+303,  2.0546950501245e-81, 7.03509175708213e-310, 2.63569023941922e-82,  1.53063836098895e-18, 1.53063836115601e-18, 1.53063836115601e-18,  NaN, -9.15711255691854e+304, -2.09984313644439e-301, 5.77662064171643e-275,  -5.48612405857499e+303, -1.78051567212106e-301, NaN, 5.56543271520308e-309,  -1.58631745047407e-300, NaN, NaN, NaN, 4.78064147402145e-299,  -7.86464172205909e+307, -2.01281359315585e-301, NaN, -1.1937420230576e+307,  NaN, 2.2280955805086e-312, -2.00505803922624e-178, -5.49148162252748e+303,  0, NaN, 1.3747483641627e+77, -2.04084220012512e-301, 131071.991210705,  2.74810921462162e-312, 1.03216864033773e-255))
result <- do.call(nanotime:::nanotime_subset_numeric_impl,testlist)
str(result)