testlist <- list(idx = c(-4.18580509342941e+307, NaN, 4.35009137147881e-312,  -6.277436955266e+66, 2.42827630312378e-312, 1.07031119372202e-59,  6.06559205465276e+67, -3.56553278060931e+304, NaN, 5.94829696256456e+228,  1.11797747772476e-309, 4.89001727999039e-10, 9.61350212085802e+281,  -7.42736200951334e+274, -3.76675157967079e+59, 5.43179961890419e-312,  3.33839337980851e-307, 1.11362339109857e-309, -6.27743856216573e+66,  6.21638733600702e-310, -1.07563738438758e-71, NaN, -7.42823809414889e+274,  -3.76675157967079e+59, 3.60081093564445e+228, 8.48775369968601e-305,  8.34625204326051e-305, NaN, -1.08865274490125e+304, 1.6690226862494e-307,  1.39067116124321e-309, -6.27743856216496e+66, 3.89333820977327e-308,  -4.18580509342941e+307, NaN, NaN, 1.11799049437868e-309, 0, 0,  0, -6.10811291677632e+66, 5.69722444609225e-304, 9.09678074030677e+61,  2.12179672598778e-314, 7.06341700023932e-304, 2.59942787602867e-308,  6.85404480109062e-313, -6.27683451666496e+66, 2.97166622041843e+284,  7.45873837231456e-146, 4.19239516124493e-303, 3.15426656028665e-57,  NaN, NaN, NaN, -6.27743918923742e+66, NaN, -6.2774385521457e+66,  9.61276249752583e+281, 9.61276249046606e+281, 9.61276249046606e+281,  9.61276249046606e+281, -9.25621420568195e+61, NaN, NaN, NaN,  NaN, NaN, 0), v = c(-5.2519214043906e+67, NaN, -8.22952990311669e+62,  4.88967090435252e-10, NaN, -5.48719664024172e+303, 5.43230922360629e-312,  1.38719108846982e-309, 2.11371193061983e-314, -6.27743856216496e+66,  -2.80868038111244e+304, -2.72848410078709e-11, -2.70494424244937e-11,  -2.70494424244937e-11, -2.70494424244937e-11, -2.70494424244937e-11,  -2.70494424244937e-11, -2.70494424244937e-11, -2.70494424244937e-11,  -2.70494424244937e-11, -2.70494424244937e-11, -5.48612533597195e+303,  -2.70494424385245e-11, -2.70494424244937e-11, -3.90798504666985e-14,  -2.85879044097989e+141, -6.0014527395623e+302, -5.52362584416763e+303,  NaN, NaN, 8.48843862570904e-305, -5.48719664022582e+303, -5.8436042192415e+307,  NaN, 1.25986739689518e-321, -5.54103888491198e+303, -6.10893245517889e+66,  9.73120583250203e+281, -3.56553278059266e+304, -2.70494424245485e-11,  -2.70494424244937e-11, -2.70494424244937e-11, -2.70494424244937e-11,  -2.70494424244937e-11, -2.70494424244937e-11, -2.70494424244937e-11,  -2.70494424244937e-11, -2.70494424244937e-11, -2.70494424244937e-11,  -2.70494424244937e-11, NaN, NaN, 1.64067756842461e-76, 3.36820190002414e-310,  NaN, NaN, -Inf, 5.43230922486616e-312, NaN, 1.30552474926649e-315,  7.45873837712295e-146, -6.2774385646658e+66, -5.48612406885787e+303,  NaN, NaN, NaN, 1.42903553274004e-284, NaN, NaN, -6.27743856220423e+66,  NaN, -4.73790923487637e+226, NaN, NaN, -6.23998189582916e+305,  NaN, -6.0014527395623e+302))
result <- do.call(nanotime:::nanotime_subset_numeric_impl,testlist)
str(result)