testlist <- list(idx = c(2.0522703559785e-289, 1.39612522128112e-308, -5.82766743733432e+303,  NaN, NaN, 5.31462175370391e+169, 1.0134145706171e+242, -5.91693868949264e+112,  Inf, NaN, 6.74503465087922e+254, NaN, NaN, 5.90420292831974e-163,  3.06514144701694e-308, NaN, -5.48693523180427e+303, 6.05601224397562e+144,  -0.000975012313574525, -2.04219508330047e-301, -5.90420292540857e-163,  -6.4968061656647e+305, 6.04838781628266e+144, -1.5863174504543e-300,  1.4990665732609e-202, 6.42101067130021e-309, 131071.9375, 36893478087274127360,  1.49059303157776e-202, 1.33504601271386e-307, NaN, 1.39065010739001e-309,  -5.4861248862905e+303, 1.03216864827706e-255, NaN, NaN, -9.3264025623308e+304,  1.08646184510021e-311, -2.74315201645803e+304, NaN, NaN, -4.11459305159527e+304,  NaN, NaN, NaN, NaN, NaN, 7.29023894336901e-304, 2.22470717768633e-307,  NaN, NaN, 4.6672614679496e-62, 4.66726145839586e-62, 3.69375823911416e-310,  1.813229813419e-317, 2.05469505331541e-81, 2.05469505011199e-81,  15.5921568627451, NaN, -9.3264108925127e+304, 4.66726259300453e-62,  4.66726145839586e-62, 2.0522703559785e-289, 1.12414655135495e+79,  7.47868160879857e+247, 6.84976355123871e+180, 3.07839226128608e+169,  9.07657702144378e+223, 1.26541255670203e-306, 6.42098950406831e-309,  -3.29126424782201e+305, 2.749439197446e-82, -1.43042360740024e+107,  5.56278262279241e-309, 131061.874766346, 2.22464044749813e-307,  5.62091016340818e-163, 3.90555623926105e-270, -1.13195988274628e-72,  -7.86490746500237e+307, 2.10843958473417e-81, 2.05469505011199e-81,  2.30880349648917e-289, -9.32641091682156e+304, 1.63366502870089e-308,  -2.45860972846424e+307, -9.39560382828826e-304, NaN, 1.08646184510021e-311,  0), v = c(1.68048329924744e+117, 1.5319122082349e-94, 3.43532093408252e+228,  NA, 6.47586663973497e-319, 6.14861320974161e-260, -3.29124583784432e+305,  -2.06384210019105e-301, -6.82852704502637e-229, -6.82852703442279e-229,  -6.82852703442279e-229, -6.82852703442279e-229, -6.82852703442279e-229,  -6.82852703442279e-229, -6.82852703442279e-229, 8.96498771132684e+252,  4.44032494274833e+252, -6.90256266751713e+305, 131071.937500004,  NaN, NaN, -2.4586097284643e+307, -8.23052548894951e+303, -3.75846055512566e-74,  1.32515051111223e-105, 1.14427213158295e+243, 3.22272919041259e-115,  3.32663363833635e-111, 5.36938359308791e+169, 5.94765051697468e+228,  NaN, -1.18935312380257e+307, NaN, 5.7039246861146e-310, 1.62756395651803e-260,  1.11074856443745e-314, 5.30531327815615e-315, Inf, -6.46667732141223e-310,  -3.6895902464514e-164, -3.29124590654144e+305, 2.50873778192597e-311,  -5.31468269164389e+303, -3.97858858107492e-45, -3.9785885810634e-45,  -3.9785885810634e-45, -3.9785885810634e-45, NA, 1.0640047749621e+248,  NA, NaN, 1.390671161567e-309, NaN, NaN, 8.60020069715858e-320,  1.72723288740967e-77, 2.05469505011199e-81, 3.70505656905975e-298,  2.63566761824117e-82, 1.53063836115601e-18, 1.53063836115601e-18,  1.53063836115601e-18, -9.32641091685159e+304, 131071.9689188,  NaN, NaN, 4.27091741599266e-252, -36712495.8156757, 1.98685234537634e-286,  0, -4.62704614099754e-178, -7.14085151845436e+274, NaN, -3.7584605551771e-74,  0))
result <- do.call(nanotime:::nanotime_subset_numeric_impl,testlist)
str(result)