testlist <- list(idx = c(4.35009137147881e-312, -6.27743856220404e+66, -6.27714490933184e+66,  -6.27759988618036e+66, 4.27515003346431e-320, -8.22752278660603e+62,  NaN, 5.69708606067765e-304, 2.77448001991298e+180, 2.77448001762435e+180,  2.77448001762435e+180, 2.77448001762435e+180, 2.77448001762435e+180,  2.77448001762435e+180, 2.77463357115829e+180, 2.77448002148889e+180,  2.77448001761892e+180, 7.15351996183438e-304, 2.1217946127608e-106,  NaN, NaN, -6.66396845126595e+63, 5.39198933343037e+67, NaN, -5.39198933343005e+67,  -5.5305497996699e+303, 7.2911220195564e-304, NaN, 1.1179905167827e-309,  5.99885141417019e+67, 8.25947416277873e-305, -6.2774385523568e+66,  1.64064539464631e-306, 5.24036644969119e-63, -1.33428106268244e+307,  -3.56552232363565e+304, NaN, 7.54792484964308e+168, -6.14776892659599e+66,  -2.46825683598181e+64, NaN, 8.05143596199642e-233, 4.94765117764473e-10,  NaN, NaN, 8.05143596199642e-233, 7.25755122003874e-146, NaN,  NaN, -1.92014342407779e+304, NaN, -6.27743918923742e+66, NaN,  3.1861838222649e-58, 2.70580274456745e-305, -3.47062014733376e+304,  NaN, -6.27743856220729e+66, -6.21424596459557e+66, 1.01283457397456e-321,  2.52579648519918e-317, NaN, 4.77521284050063e-308, NaN, 2.48928465017686e-58,  1.80320693048833e-130, NaN, NaN, 4.77415501903982e-63, 2.08600674901417e-308,  4.77830972673634e-299, 6.06573088187976e+67, 1.01523982535909e-314,  2.59935997216336e-308, NaN, -6.27743856220423e+66, -5.39198933146084e+67,  2.80202262441668e-315, -6.27679320328234e+66, NaN, 1.29986977474398e-100,  NaN, -6.27743856220419e+66, 8.81646216072739e+180, 2.77448001762435e+180,  2.77448001762435e+180, 2.77448001762435e+180, -4.98208235231645e-63 ), v = c(-6.2775998861804e+66, -Inf, 8.28904556439245e-317, 3.32653112500637e-111,  7.0632744564981e-304, -5.35895018310274e+67, 9.61276249046606e+281,  2.94937184533788e+190, 9.61276249046606e+281, 6.65340712592837e-310,  NaN, -1.981689453125, -6.27743856220423e+66, -6.27719171611978e+66,  -8.22752278660603e+62, 9.86797314438722e-320, -2.4682631130836e+64,  2.97367077572339e+284, 9.61276249046606e+281, -7.42655320089292e+274,  -3.76675157967079e+59, 1.75738818086881e+159, 4.36715045618059e-312,  3.33839337980851e-307, 1.11362339109857e-309, -6.27743856216573e+66,  6.21638733600702e-310, -1.07563738438758e-71, NaN, 2.12312433592921e-106,  NaN, 3.60081100509198e+228, 8.48775369968601e-305, 8.34625204326051e-305,  NaN, -1.08865274490125e+304, 1.6690226862494e-307, NaN, NaN,  2.19030707946803e-308, -2.44143236147391e+304, NaN, NaN, 8.90389538063611e+252,  3.16313019352693e-310, -6.13592258657026e+66, -6.27759988613784e+66,  2.42827630312378e-312, 1.09541412413276e-307, NaN, 8.05143596199642e-233,  7.72781990906628e+228, 5.04303644005011e-37, 2.64986902540164e+180,  2.44047694475427e-152, 1.23559773184584e-312, -6.27688576542437e+66,  -6.27743919237581e+66, 1.65383509687366e+243, 3.89333602146512e-308,  1.11722290305456e+267, 1.33240832327218e-105, NA, 3.63054265221545e+228,  3.22294029178832e-115, 5.41222550794301e-300, 3.41170255857907e-310,  NaN, 5.69722166464366e-304, 9.0967807403068e+61, -1.90654755325215e+129,  3.48510689854928e+283, 2.07078202735058e-147, NaN, NaN, NaN,  NaN, NaN, NaN, 5.42814851229384e-312, 1.390671161567e-309, NaN,  3.3421433707209e-313, -6.27688576542437e+66, NaN, -3.56553278060931e+304,  0))
result <- do.call(nanotime:::nanotime_subset_numeric_impl,testlist)
str(result)