testlist <- list(idx = c(-2.04084220012396e-301, NaN, NaN, -1.05837625398371e+178,  -1.55997758725809e-299, NaN, NaN, 5.70305077760469e+193, 1.39064994290551e-309,  1.36143014310554e-309, -5.82859347653131e+303, 4.55917633608125e-305,  5.43224738081158e-312, 6.04838781623759e+144, -1.58631745047407e-300,  NaN, 2.2762525574145e-159, NaN, NaN, 7.50857177912758e-308, 1.03216914845478e-255,  -2.042200718951e-301, NaN, NaN, -3.75846055517707e-74, 6.92447528606608e+274,  NaN, 7.06365687797069e-304, NaN, 1.63366513506619e-308, -2.45860972846424e+307,  NaN, -2.39752538863416e-277, 1.35254797399555e-236, -1.53663108035485e+306,  NaN, NaN, NaN, 1.0134145706171e+242, -5.91693868949264e+112,  3.89846609070088e-314, 9.07652206398615e+223, 8.90389834053623e+252,  NaN, NaN, 3.11615049745896e-306, 1.659286861915e-114, 5.03026681698713e+180,  2.85791219126338e-109, 3.62473289151349e+228, 1.06399915245307e+248,  5.89054044227726e-310, 2.05458180592422e-289, NaN, 2.04272880417535e-81,  1.26366045541147e-304, -5.49148170619295e+303, -9.32640561945171e+304,  1.72723288963408e-77, 1.06550117852609e-255, NaN, 2.04272880417535e-81,  1.26366045541147e-304, -5.49148170619295e+303, -9.32640561945171e+304,  1.72723288963408e-77, 1.06550117852609e-255, 9.03522412975996e-315,  -2.01416701397413e-178, 2.05490498970032e-81, 2.56319782720191e-310,  6.62672646816117e+91, 1.27741322615321e+238, 1.17233881301217e+214,  -1.0583553036438e+178, 8.0998667257049e-266, NaN, NaN, NaN, NaN,  NaN, NaN, NaN, NaN, 0), v = c(3.64179425405679e-310, 0, 2.05469505331541e-81,  -5.68421591172726e-303, 5.88060514505899e-39, 1.52783567920317e-18,  1.53063836115601e-18, 1.53063836115601e-18, 1.53063836115601e-18,  NaN, NaN, 4.77861958631578e-299, 2.12500000000637, -8.92432212355688e+32,  -9.23923411592227e+32, -9.23923411592227e+32, -5.48612812202595e+303,  NaN, NaN, NaN, -2.04220071896811e-301, NaN, NaN, 7.1559800727533e-304,  3.91648201987887e-306, NaN, NaN, 3.53121319574526e-310, NaN,  2.78138473737003e-309, -2.04242442256137e-301, 1.42873423644205e-101,  -8.98745417018614e+307, 2.77965939806721e-309, 9.12487688416196e+192,  NaN, NaN, NaN, -1.79769313486232e+308, NaN, 2.2280955805086e-312,  -2.00505803922624e-178, 4.77830973605411e-299, -5.48612407390335e+303,  -1.10957441746383e-72, -1.0971101632072e+305, 3.04209482374034e-310,  1.39612522128111e-308, -9.23923411584895e+32, 1.07757598710549e-314,  -6.02106363507531e+30, NaN, NaN, 1.39067115930172e-309, -8.94445664335293e+303,  2.67084363857761e+265, -3.29126272422626e+305, 1.07757598710549e-314,  -2.00505803922624e-178, 562949954519056, 1.33504601270439e-307,  2.64627754558563e-260, -9.23923409715205e+32, -9.23923411592227e+32,  6.472981378917e+91, NaN, 1.07757598710549e-314, NaN, NaN, -2.04220038872471e-301,  NaN, 5.7039246861146e-310, 1.62756395651803e-260, 1.11074856443745e-314,  NaN, NaN, 1.385481543087e-101, -3.69023482359166e-74, 7.5715340275718e-268,  1.46102276152101e-308, NA, -7.86490692920804e+307, 1.08647841303483e-311,  7.14640877848353e-304, NaN, 2.64627754558572e-260, 7.06327445644733e-304,  NA, NaN, -5.30182458837861e+305, 0))
result <- do.call(nanotime:::nanotime_subset_numeric_impl,testlist)
str(result)