testlist <- list(idx = c(8.90389806695633e+252, 3.16313019352693e-310, -6.13592258657026e+66,  5.43230894383174e-312, -4.21334299439376e+307, -6.27743856220419e+66,  NaN, NaN, -6.27743919237597e+66, 8.48754424692306e-305, -5.39198932338689e+67,  3.3380470689765e-307, 5.43230922360629e-312, 0, 2.11371193061983e-314,  -6.27743856216496e+66, -8.09342223140269e+62, -9.25596411565463e+61,  -2.72848410531877e-11, -2.70494424244937e-11, -2.70494424244937e-11,  -2.70494424244937e-11, -2.70494424244937e-11, -2.70494424244937e-11,  -2.70494424244937e-11, -2.70494424244937e-11, -2.70494424244937e-11,  -2.70494424244937e-11, -2.70494424244937e-11, NaN, 5.94829696256456e+228,  -2.53439889333582e+64, NaN, 8.05143596199642e-233, 4.94765117764473e-10,  NaN, NaN, 8.05143596199642e-233, 7.25755122003874e-146, NaN,  2.11667868678306e+214, -6.15731735969153e+66, 1.01283457397456e-321,  0, 0, 0, -6.27743856220404e+66, -1.49222534385391e+306, NaN,  NaN, 2.11651738964702e+214, 4.36709952236028e-312, -6.2434950305953e+144,  -6.27743856220419e+66, 8.48843732184707e-305, 5.41292898731867e-300,  -8.22752278660617e+62, -2.45212345362145e+64, 1.65383509687366e+243,  1.13012391303124e-302, -4.92341942427973e-63, 2.12179461075957e-106,  NaN), v = c(-8.73973428821405e+62, 3.48510689854936e+283, 2.12312433381131e-106,  -2.70494424385245e-11, -2.70494424244937e-11, -2.70494424244937e-11,  -2.70494424244937e-11, -2.70494424244937e-11, -2.70494424244937e-11,  -2.70494424244937e-11, -2.70494424244937e-11, 5.41110254332056e-312,  -6.27743855216045e+66, 9.61276249752583e+281, 9.61276249046606e+281,  9.61276248886004e+281, 9.61276249046606e+281, -7.42655320089292e+274,  5.81455527919936e+67, NaN, NaN, NaN, -2.24711641857789e+307,  -6.27743856220419e+66, 8.48843732184707e-305, 5.41292898731867e-300,  -8.22752278660617e+62, -6.2774360412709e+66, 1.65383509687366e+243,  1.45398400229015e-48, -3.60944756314098e-59, NaN, 3.4318311010408e+108,  7.5316844604865e+164, 2.64167313744262e+180, 3.63054264643504e+228,  2.06541523075423e-27, -8.22752278660614e+62, NaN, NaN, 2.5042740764578e-309,  -1.34827050745706e+307, 9.66802643299901e-310, NaN, 2.81827457293133e-315,  0, NaN, 8.20251227200095e-304, 2.77463000502368e+180, 2.77448001762435e+180,  2.77448001762435e+180, 2.77448001762435e+180, 2.77448001762435e+180,  1.86448217153608e+179, 7.88472158619321e+181, NaN, -6.31857680630249e+66,  7.88912213829226e-174, NaN, NaN, -6.27743856221381e+66, 1.46001631970135e-312,  -6.31873750006439e+66, 4.23741422333677e-310, 2.12199579047121e-314,  0, -5.48612408915131e+303, -4.18580509342931e+307, 9.61276249046617e+281,  9.61276249046606e+281, 9.61276249046604e+281, 2.35665861845343e-306,  1.3526696154597e-309, 9.0967819840662e+61, NaN, NaN, NaN, -6.31853181204377e+66,  1.74661989093833e+159, 4.36715045618059e-312, 3.33839337980851e-307,  1.11362339109857e-309, -6.27743856216573e+66, 6.21638733600702e-310,  1.07031096004203e-59, -1.79762713061191e+308, -2, 4.44380721892328e+252 ))
result <- do.call(nanotime:::nanotime_subset_numeric_impl,testlist)
str(result)