testlist <- list(idx = c(-2.08849643609004e+307, NaN, 4.77415501903982e-63,  1.66897965881896e-307, NaN, NaN, 1.31572028085411e-312, 1.390671161567e-309,  NaN, 3.3421433707209e-313, -6.27688576542437e+66, 3.49004647738957e-310,  NaN, NaN, -4.86224735130288e-63, 2.12196809117484e-314, -5.52362163806959e+303,  NaN, NaN, NaN, -6.27743856221381e+66, 1.66576669692057e-312,  3.78576699573368e-270, 4.10413909887317e-207, 6.06452091848567e+228,  -1.14381849990353e+64, 2.60298485511461e-319, 5.72898866676951e+67,  0, 4.12699652048008e-207, 1.50519702193134e-309, -2.16819442449177e+63,  NaN, 4.77830972673648e-299, -7.01184991331122e+274, 1.80331613527598e-130,  3.48112867068833e-315, 4.55766050625518e-303, 5.72908478426242e+67,  -5.48742683330195e+303, -6.2774362026513e+66, 9.80207728371987e+281,  NaN, -5.39190191600052e+67, NaN, NaN, NaN, 3.23785921002061e-319,  1.24834465987541e-308, -5.4864602015023e+303, NaN, 7.34568276902529e-67,  NaN, NaN, -6.31873750011343e+66, -6.27743856220419e+66, NaN,  7.25267623360373e-304, NaN, 0, 7.06341700023932e-304, -6.27678033522363e+66,  9.61322515977089e+281, 9.61276249046606e+281, 9.61265723864247e+281,  9.61276249046606e+281, 3.32653113093523e-111, 131670.125001855,  NaN, -7.2018772260507e+303, NaN, NaN, -6.27743856221376e+66),      v = c(4.55926821280999e+169, 8.09253754683264e+175, -4.54419256091106e-10,      -2.70494424244937e-11, -2.70494424244937e-11, -2.70494424244937e-11,      -2.70494424244937e-11, -2.70494424244937e-11, -2.70494424244937e-11,      -2.70494424244937e-11, -2.70494424244937e-11, -2.70494424244937e-11,      -2.70494424244937e-11, NaN, -6.31873750011343e+66, 6.21061791714466e+175,      NaN, 7.74651678807592e-304, 7.29112200597569e-304, 0, 1.38524225085101e-309,      -6.27743599100505e+66, -8.73973428821405e+62, 3.48510689854936e+283,      -5.25113193858868e+67, 5.82873322665211e-133, -2.70503503492467e-11,      -2.70494424244937e-11, -2.70494424244937e-11, -2.70494424244937e-11,      -2.70494424244937e-11, -2.70494424244937e-11, -2.70494424244937e-11,      -2.70494424244937e-11, -2.70494424244937e-11, -2.08849643609004e+307,      NaN, NaN, 5.94829696256456e+228, -6.27759988618029e+66, -6.27743856220419e+66,      NaN, 1.31572028085411e-312, 1.390671161567e-309, NaN, -6.27743856220423e+66,      2.42827630312378e-312, NaN, NaN, -6.2774385646658e+66, -5.48610837289892e+303,      5.41239479171071e-312, -4.4843820384433e+305, NaN, NaN, NaN,      NaN, NaN, 7.72781990906628e+228, 3.92843186995358e-50, 2.84648935138568e-109,      3.59535147836283e+246, 1.6353787122588e-207, 4.94065645841247e-324,      4.62908096527684e-299, -2.41591815069775e+77, -1.36224425084426e+307,      6.06518815573063e+67, -6.2775992584702e+66, 3.89377273652045e-308,      NaN, NaN, -6.27743856220423e+66, 1.11364045002012e-309, -3.25943277982172e+100,      NaN, 3.23785921002061e-319, 6.953355807835e-308, -8.73973428821405e+62,      3.48510689854936e+283, 2.12312433381131e-106, -2.70494424385245e-11,      -2.70494424244937e-11, -2.70494424244937e-11, -2.70494424244937e-11,      0))
result <- do.call(nanotime:::nanotime_subset_numeric_impl,testlist)
str(result)