testlist <- list(idx = c(7.83466876080858e-174, NaN, -8.98846567431158e+307,  NaN, 8.48843614723096e-305, NaN, 1.390671161567e-309, 0, -8.22752278660603e+62,  NA, 4.10407648347092e-207, 1.36856183898025e-321, -5.54103888491198e+303,  1.21281375320539e-218, 1.7546354690792e-310, -6.1228029041614e+66,  NaN, -6.27688472943181e+66, NaN, NaN, NaN, NaN, NaN, -6.27759908271138e+66,  NaN, NaN, NaN, -2, -6.27743856220423e+66, -6.27719171611978e+66,  5.39198933343013e+67, 0, -6.27679320328234e+66, NaN, 1.64067756842461e-76,  2.60298485511461e-319, 5.13946822726616e-315, NaN, NaN, NaN,  2.12199579047121e-314, NaN, 5.09970113046522e-318, NaN, NaN,  2.11651738964702e+214, 4.36709952236028e-312, 1.6689796561535e-307,  NaN, NaN, 1.31572028085411e-312, 1.390671161567e-309, NaN, 3.3421433707209e-313,  -5.39190191600037e+67, -6.27743855211179e+66, 3.89377273652045e-308,  NaN, NaN, NA, -6.27759709668566e+66, 4.36715055332377e-312, -8.73973431886349e+62,  5.73030420274759e+67, 1.39067116124321e-309, 2.48928464660687e-58,  -2.88021513610708e+304, NaN, NaN, 6.92574506265071e-303, 2.60298485511461e-319,  -5.48612533597681e+303, NaN, NaN, NaN, -4.73790923487637e+226,  NaN, 1.99157861838606e-320, NaN, 7.34858169607824e-67, NaN, 8.25947850862611e-305,  0, 7.81445939107729e-304, 4.91091739640073e-62, 7.73436368552734e-304,  8.42098908546062e-121, NaN, -5.3236888222577e+67, 3.33839377307214e-307,  0, 4.86201880138755e-63, 4.10413909751076e-207, 0), v = c(-6.14266851251665e+66,  Inf, -6.27743919237597e+66, 2.31451310183935e-307, NaN, 5.73030420274759e+67,  1.39067116124321e-309, 0, 7.73436368987693e-304, 2.77448001763329e+180,  2.77448001762435e+180, 2.77448001762435e+180, 2.77448001762435e+180,  2.77448001762435e+180, 2.77448001762435e+180, 2.77448061744284e+180,  2.77448001763945e+180, 2.77448001762433e+180, -5.82819793914473e+303,  -2.24711641857784e+307, -6.27743856220419e+66, 8.48843732184707e-305,  5.41292898731867e-300, -8.22752278660617e+62, -6.2774360412709e+66,  1.65383509687366e+243, 3.38532031115646e-58, -1.33428106268244e+307,  NaN, NaN, 1.45663095153036e+180, 1.276895749247e+161, 6.45863181154393e+170,  9.07655807768029e+223, 3.33118944628688e-28, 7.25755122003874e-146,  NaN, NaN, NaN, NaN, NaN, NaN, NaN, NaN, NaN, NaN, NaN, 1.80331613292734e-130,  3.24344746860053e-111, -6.27743919237597e+66, NaN, NA, 7.45874093084716e-146,  NaN, 6.02750888229006e+228, 7.2903606230106e-304, -6.2774385521116e+66,  2.42827630312378e-312, 1.07031119372202e-59, NaN, NaN, 5.43230922486616e-312,  NaN, -6.66396845126595e+63, 1.01283457397456e-321, 1.31570386618014e-312,  -5.48612406879369e+303, 0))
result <- do.call(nanotime:::nanotime_subset_numeric_impl,testlist)
str(result)