testlist <- list(idx = c(-8.22752278660603e+62, -3.73039628699819e+305, -6.27679320328234e+66,  4.97596593034672e+226, 7.29112201955658e-304, -4.92341942427973e-63,  NaN, -5.95935658560468e+303, NaN, 8.06174664950174e+175, 6.45819319949185e+170,  1.39678261924782e-306, NaN, -6.27743856220419e+66, -6.31873750010381e+66,  -2.4418630604215e+304, -1.33428106686472e+307, 2.12312433592924e-106,  1.31563739165834e-312, NaN, NaN, -7.46585129427187e+274, 2.77448060351263e+180,  2.77448001762435e+180, 2.77448001762435e+180, 2.77448001762435e+180,  2.77448001762435e+180, 2.77448001762435e+180, 2.81378972231288e+180,  2.77448001762435e+180, 2.77448001762435e+180, NaN, -3.56553278060931e+304,  7.29112201955639e-304, NaN, NaN, NaN, NaN, -6.27743856221376e+66,  NaN, NaN, -5.83030962589774e+303, NaN, -Inf, 2.12196809117484e-314,  7.06341700023932e-304, -6.27678033522363e+66, 9.61322515977089e+281,  9.61276249046606e+281, 9.61265723864247e+281, 9.61276249046606e+281,  3.32653113093523e-111, 131670.125001855, NaN, -7.2018772260507e+303,  NaN, 4.86255598419754e-63, -3.73039628699819e+305, 8.25947416277873e-305,  -6.2774385523568e+66, 4.05781484132871e-133, 1.42877284140225e-284,  NaN, NaN, NaN, NaN, -6.2774385646658e+66, 4.36715055332377e-312,  3.26375100700222e-111, NaN, NaN, 7.73437063888265e-304, -4.66784307193834e-62,  4.65774841263911e-10, -3.73039628699819e+305, NaN, NaN, -2.24711641857789e+307,  -6.27743856220419e+66, 8.48843732184707e-305, 0), v = c(NaN,  NaN, -6.27743856220419e+66, 5.28346395210963e-308, -5.8436042192415e+307,  NaN, -6.27743856221377e+66, -5.54103888491198e+303, -6.10893245517889e+66,  3.48510689853298e+283, 9.61276249046606e+281, 9.61276249046606e+281,  9.61276249046606e+281, -Inf, 2.59935997216336e-308, NaN, -7.2018772260507e+303,  NaN, NaN, -6.27743856221376e+66, -6.21424596459557e+66, 1.01283457397456e-321,  2.52579648519918e-317, -6.11222667820889e+66, 0.232843137254902,  -1.20077395952304e-72, 1.11532754218925e+184, 9.61276249051005e+281,  9.61265723864247e+281, 9.61276249046606e+281, 3.32653113093523e-111,  131670.125001855, 2.42142142457487e-305, -4.30642899384762e-61,  NaN, NaN, NaN, NaN, 1.45663095515713e+180, 1.276895749247e+161,  6.45863181154393e+170, 9.07655807768029e+223, 3.33118944628688e-28,  1.11101605177759e-307, NaN, 1.11698649098926e+267, -6.10893391634085e+66,  9.73120583250203e+281, 9.61276249046606e+281, -1.1588542910889e+306,  -1.74281550667446e+65, 9.61276249049357e+281, 7.29112201687623e-304,  NaN, NaN, -6.27743918923742e+66, -7.14960664045379e-304, 6.66374251255079e-317,  1.65530598454014e-312, 1.34497564618574e-284, 9.61276249750932e+281,  9.61276249046606e+281, -5.39198799167917e+67, NaN))
result <- do.call(nanotime:::nanotime_subset_numeric_impl,testlist)
str(result)