testlist <- list(idx = c(NaN, NaN, NaN, -7.8646396130828e+307, 3.11581128117993e-306,  -3.29126424782201e+305, NaN, NaN, NaN, 3.74938420361741e-312,  -3.29126272422286e+305, -6.46667732141223e-310, 6.24301479417156e+144,  -6.70807263854803e+274, 3.01414124905653e+301, NaN, 2.11715534380749e-289,  3.86900606481086e-236, -1.58631745045371e-300, NaN, NaN, 2.08499406808848e-148,  6.87483818331515e+175, -1.65508067122964e-210, 9.09296888502864e+80,  2.32210853545386e-321, 1.53191220823488e-94, 3.43532093408253e+228,  NaN, NaN, 3.23785921002061e-319, NA, NaN, -1.13195988485334e-72,  1.08647841303483e-311, NaN, NaN, NaN, 4.2709173590518e-252, 2.30880349509509e-289,  -9.32641091682156e+304, 1.24781532943627e-231, 7.4109846876187e-323,  3.47306054607043e-164, NaN, 3.69375890223781e-310, 1.813229813419e-317,  2.05469505331541e-81, 2.05469505011199e-81, 15.5921568627451,  3.62450178928935e+228, 1.06400448686462e+248, 5.56809576730752e-309,  -1.58631745047407e-300, 1.21193480407495e+214, 4.41454688665023e-305,  -36712495.8156757, 1.38523885201834e-309, 0, 0, 1.49059303157776e-202,  -2.04228492666011e-301, -8.94445733834165e+303, -5.90287073277043e-163,  2.42032518729287e-305, 5.62091016340818e-163, 1.13803570764014e+217,  NaN, NaN, NaN, NaN, -7.35724095840773e+274, NaN, NaN, NaN, NaN,  -5.30182458837861e+305, 2.05469505011199e-81, 5.62091014652262e-163,  NaN, 3.69375864543992e-310, 1.813229813419e-317, 2.05469505331541e-81,  2.05469505011199e-81, 15.5921568627451, 131056.026759185, 2.78134232345779e-309,  1.03221640147112e-255, NaN, 2.26870985716153e-313, 0), v = c(NaN,  -5.6388090201312e+303, -1.45367700993563e+135, -2.04242442330905e-301,  1.42873423644205e-101, -8.98846567431132e+307, 2.77965939811257e-309,  2.85791219125062e-109, 3.62473289151349e+228, 1.06399915245307e+248,  5.89054044227726e-310, 2.05458180592422e-289, NaN, 2.04272880417535e-81,  1.26366045541147e-304, 7.29824238131357e-304, -9.32640558814596e+304,  1.72723288963408e-77, NaN, NaN, -5.77662200276745e-275, NaN,  7.50857177912758e-308, -1.1720257581178e+307, 3.13667378958624e+151,  1.78880049691429e+161, 9.26369954430905e+25, 8.90389806611905e+252,  7.61372158579688, 3.43535897481098e+228, NaN, -1.4536552656789e+135,  NaN, 5.98008216632976e+197, 2.18023799540594e-289, 7.27940179202374e-310,  3.47689010997242e-310, -8.94445664335293e+303, 2.67084363857761e+265,  -3.29126272422626e+305, -5.50019548803245e+303, 1.98685138633729e-286,  0, -6.30910612947437e-301, 2.78134232330349e-309, NaN, NaN, -36712495.815918,  4.02237743296703e-270, 7.2925265974474e-304, 2.52961610670718e-321,  -8.95547064698647e+303, -5.37763120632833e+303, -2.04228492666011e-301,  6.84933860600125e+180, 3.07839226128608e+169, 9.07657702144378e+223,  1.26541255670203e-306, 6.42098950406831e-309, -3.29126424782201e+305,  2.749439197446e-82, -1.43042360740024e+107, -5.48612406879369e+303,  NaN, 3.5920710765346e+19, -1.58000372721417e+306, 127142.812623602,  5.83985593384353e-321, -1.19351807355882e+307, -2.04228468073957e-301,  1.40153578001679e-309, 7.22080620035538e-304, -2.25, 1.39065532948776e-309,  -5.48612406895336e+303, -1.10957441938258e-72, -1.10957441834902e-72,  1.52919504680122e-308, NaN, NaN, NaN, -3.10503618460142e+231,  NaN, NaN, 3.32653242619725e-111, 2.19060703020426e-307, 0, 2.05469587018851e-81,  -2.00468685111819e-301, 1.33504616858683e-307, 1.53062741317963e-18,  1.53063836115601e-18, 1.53063836115601e-18, -7.74511633241462e+304 ))
result <- do.call(nanotime:::nanotime_subset_numeric_impl,testlist)
str(result)