testlist <- list(idx = c(0, 7.06327444286449e-304, 0, 0, 0, 2.68746415176571e-317,  -2.04084220012388e-301, 131071.991210705, 4.61912384166961e-62,  4.66726145839586e-62, 4.66726145839586e-62, 4.66726145839586e-62,  4.66726145839586e-62, -5.30182458837845e+305, 6.04838781805433e+144,  5.56809611825702e-309, -1.58631745047407e-300, -2.04219508331421e-301,  -5.90420292540857e-163, 7.06328837002705e-304, -1.13195988274628e-72,  1.59493294177385e-304, 36046811417473421312, NaN, NaN, -9.15711255691854e+304,  -2.09984313644439e-301, 7.03515999380951e-310, 7.06327444286449e-304,  0, 0, 0, 1.08647013412008e-311, NaN, 2.33411575577028e-312, -3.29126424783139e+305,  -5.48612407913267e+303, -1.10957441746383e-72, 1.47898311725017e-272,  0, NaN, 3.22521112948707e-319, 0, 0, 4.50881665664301e-310, -2.39752378044548e-277,  -7.8646396130828e+307, -2.77006702431373e-302, 2.05033166947888e-260,  NaN, NaN, 5.98008216632976e+197, 2.18023799540594e-289, 7.27940179202374e-310,  3.47689010997242e-310, -5.48718094822671e+303, NaN, 1.34916831907942e-307,  2.64627754558563e-260, 7.07039469279456e-304, -1.45367744859121e+135,  NaN, 131072, -1.05835500413398e+178, -1.05835530364382e+178,  -1.05835530364382e+178, -1.05835530364382e+178, -1.53663108035106e+306 ), v = c(NaN, -9.23923411592235e+32, -3.198836313505e+307, -5.82766743739616e+303,  -7.86490746502263e+307, NaN, -9.32641091694927e+304, -2.04220038872973e-301,  NaN, -5.75668522408384e+303, -5.30182458837861e+305, -9.09333169730145e-280,  -5.82901728704454e+303, NaN, 1.89174736446911e-307, NaN, 4.78064147402145e-299,  -2.09955305091449e-301, NaN, -2.60430956762267e+154, 4.73204983474642e-299,  NaN, NaN, NaN, NaN, -3.10503618460142e+231, NaN, 5.7039246861146e-310,  1.62756395651803e-260, 1.11074856443745e-314, 1.78050047519276e-307,  4.47727903545643e-260, NaN, -8.80031279682812e+304, 2.05469533270413e-81,  1.97017766789823e-286, 6.05676842954095e+144, 2.420880351723e-305,  5.62091016340818e-163, 1.13803570764014e+217, NaN, 1.63747643029521e-114,  5.33830684954166e+169, 1.0134145706171e+242, -5.91693868949264e+112,  3.89846609070088e-314, 7.68463292287551e+49, 4.78063965124086e-299,  1.37437419018062e-309, 5.7305446015467e-163, -5.48745823135845e+303,  2.75125892478767e-135, 1.46102276152101e-308, NaN, 3.20786770118521e+169,  9.08787307727862e+223, -6.23998188440745e+305, -7.86490746502263e+307,  1.08647841303483e-311, NaN, 5.43230922486616e-312, 3.41159249080318e+228,  NaN, -1.12698545150205e-72, NaN, 5.7039246861146e-310, 1.62756395651803e-260,  1.11074856443745e-314, 5.30531327815615e-315, -3.29126272422286e+305,  -6.46667732141223e-310, -3.6895902464514e-164, -3.29124590654144e+305,  2.50873778192597e-311, -5.31468269164389e+303, NaN, NaN, 6.6752215755216e-308,  1.97043356402662e-286, -1.52919292493507e-308, -2.04220039001464e-301,  NaN, NaN, 5.95015255587816e+197, 2.18023799540594e-289, -0.000975012313574525,  1.4905939844702e-202))
result <- do.call(nanotime:::nanotime_subset_numeric_impl,testlist)
str(result)