testlist <- list(idx = c(-4.69526364353595e+305, NaN, -6.31857680630249e+66,  8.03680051542458e-174, NaN, -6.31873750011343e+66, -6.27743856220419e+66,  5.28346395210963e-308, -5.8436042192415e+307, NaN, 1.25986739689518e-321,  -5.54103888491198e+303, -6.10893245517889e+66, 3.48510689853298e+283,  9.61276249046606e+281, 9.61276249046606e+281, 9.61276249046606e+281,  1.01522935857838e-314, 2.59935997216336e-308, NaN, -6.24349710063198e+144,  -6.27743918992398e+66, -5.52362278657159e+303, NaN, NaN, -6.27743856220419e+66,  2.22780770782908e-317, -3.25943277982172e+100, NaN, 3.23785921002061e-319,  6.953355807835e-308, -8.73973428821405e+62, 3.48510689854936e+283,  9.61276249046606e+281, 4.26181938910103e+281, 9.61276249046606e+281,  2.59898715856342e-312, 1.20396110574488e-218, -1.37922653379836e+126,  7.29112201955639e-304, NaN, NaN, -6.27743918923742e+66, -7.14960664045379e-304,  6.66374251255079e-317, 1.65530598454014e-312, 1.34497564618574e-284,  -6.27743856220419e+66, 9.4854543051209e-315, -7.01184991331084e+274,  NaN, 1.97375159450134e+87, 1.67792003657653e+243, 2.54709171175419e-52,  2.84648935138568e-109, 3.59535147836283e+246, 4.82655363780337e-315,  7.45873837712295e-146, 1.390671161567e-309, 0, 5.41110254238677e-312,  -6.27743855216045e+66, 9.61276249752583e+281, NaN, 9.61276248886004e+281,  9.61276249046606e+281, -7.42655320089292e+274, 4.77830972673634e-299,  6.06573088187976e+67, NaN, NaN, -2.24711641857789e+307, -6.27743856220419e+66,  8.48843732184707e-305, 5.41292898731867e-300, -8.22752278660617e+62,  -6.2774360412709e+66, 1.65383509687366e+243, 5.16558885369333e-63,  -1.33428106268244e+307, NaN, 1.45663095153036e+180, 1.276895749247e+161,  6.45863181154393e+170, 9.07655807768029e+223, 3.33118944628688e-28,  7.25755122003874e-146, 1.0206403405773e-202, 4.94065645841247e-324,  7.06341700023932e-304, 2.59942787602867e-308, 0), v = c(-5.39198933343013e+67,  Inf, -5.48612406881514e+303, NaN, NaN, -5.486124068794e+303,  4.96437614502528e-23, -1.12325094787846e+64, 9.73120583250203e+281,  9.61276249046606e+281, 9.5858180236262e+281, 9.61276248277409e+281,  2.59898715856342e-312, 1.20396110574488e-218, -1.37922653379836e+126,  7.29112201955639e-304, NaN, NaN, -6.27743918923742e+66, -7.14960664045379e-304,  6.66374251255079e-317, 1.65530598454014e-312, 1.34497564618574e-284,  -6.27743856220419e+66, 9.4854543051209e-315, 1.65938445423359e-312,  4.35348988036278e-312, -6.27743856220404e+66, 2.42827630312378e-312,  1.09541412413276e-307, NaN, 8.05143596199642e-233, 7.72781990906628e+228,  5.04303644005011e-37, 2.64986902540164e+180, 6.27058989177453e-310,  -1.74151522439787e+308, -6.10906743802266e+66, 1.38553360614583e-134,  NaN, 3.23785921002061e-319, 6.953355807835e-308, -8.73973428821405e+62,  3.48510689854936e+283, 9.61276249046606e+281, 9.61276249046606e+281,  9.61276249046606e+281, NaN, NaN, -6.31873750011343e+66, 0))
result <- do.call(nanotime:::nanotime_subset_numeric_impl,testlist)
str(result)