testlist <- list(idx = c(NaN, NA, -5.49148682373644e+303, -2.06384210019105e-301,  NaN, NaN, -1.13185679059121e-72, -2.04220038872469e-301, NaN,  2.2280955805086e-312, -2.00505803922624e-178, 4.77830973605411e-299,  NaN, NaN, 7.50857176256593e-308, Inf, 3.81573682711812e-236,  -2.04228492666011e-301, 2.84809453887898e-306, NA, 1.63747643029521e-114,  7.46991624831232e-304, 5.43239244041897e-311, 8.58601961620436e-300,  1.49166814624004e-154, 5.52855938501216e+228, 2.11651649252355e+214,  NaN, NaN, 1.53063836115304e-18, 131071.999813304, NaN, -2.04220126828322e-301,  -9.25648974867424e+303, -2.04220039001464e-301, NaN, -0.000976443290710421,  -2.04219508330047e-301, -5.90420292540857e-163, -5.31469316076451e+303,  NaN, NaN, NaN, NaN, NaN, -Inf, -3.69023482359166e-74, NaN, 4.2709173590518e-252,  -36712495.8156757, 1.98685234537634e-286, 1.24781532910361e-231,  -8.93512118557207e+303, -2.04220039001464e-301, NaN, NaN, 6.12304106867916e-96,  3.45059539617108e-85, 6.68808490976713e+118, 9.98007319325649e-312,  3.62450055117811e+228, 1.06400448686462e+248, NaN, NaN, NaN,  NaN, 1.44016937417505e-308, 1.82696667135693e-315, 5.90420290761868e-163,  -5.97341817117671e-311, 1.04883812676192e+248, NaN, NaN, 1.390671161567e-309,  -5.48612406879369e+303, -1.10957441938258e-72, 7.14693389952523e-304,  131071.991210705, -5.49148425855481e+303, -2.06384210019105e-301,  NaN, 8.2025122720743e-304, -1.19350561308568e+307, 4.77830972673634e-299,  7.29045797402385e-304, 1.65780921169162e-316, -3.29126424783139e+305,  -3.29126342711987e+305, 1.03229871830155e-255, 0), v = c(-1.54947393917854e+231,  -1.54947393917855e+231, -1.54947393917855e+231, NaN, 5.27347397605327e-181,  -5.3146944789772e+303, -2.39752538863416e-277, 2.03326211728133e-260,  NaN, 1.98664296139349e-286, 6.05676842954095e+144, 2.420880351723e-305,  127186.94921875, -2.39752538863416e-277, 3.46172388678623e+275,  NaN, 7.06365687797069e-304, NaN, 1.63366513506619e-308, -2.45860972846424e+307,  -9.39560382828826e-304, 2.05469505011199e-81, 3.29443812876017e-82,  2.5531855170124e-310, 1.530638361156e-18, 1.53063836115601e-18,  1.53063836115601e-18, 131071.999813304, NaN, 131064.124999997,  -5.49148425855481e+303, -2.06384210019105e-301, NaN, NaN, NaN,  Inf, -2.39752538863416e-277, 1.33487735184398e-306, NaN, -0.000976440029262449,  -5.3146931607444e+303, -2.04084307879979e-301, 131071.991210705,  -5.49148425855481e+303, 3.81573682711812e-236, -2.04228492666011e-301,  2.84809453887898e-306, NaN, 1.63747643029521e-114, 7.47868160879921e+247,  -9.71808135178805e-282, 8.33046391691027e-300, 0, 0, 1.35807730621777e-312,  8.90389806608557e+252, 1.2478153291036e-231, -8.93512118557207e+303,  -2.04220039001464e-301, 28825289414984855552, 1.49059303157776e-202,  1.33504601271386e-307, 1.72723288740967e-77, 2.05469505011199e-81,  4.6672614584131e-62, 4.66726145839586e-62, 4.66726145839586e-62,  4.66726145839586e-62, 4.66726145839586e-62, 4.66726145839586e-62,  4.66726145839586e-62, 4.66726145839586e-62, 4.66726145839586e-62,  4.66726145839586e-62, 4.66726145839586e-62, 4.66726145839586e-62,  4.66726145839586e-62, 4.66726145839586e-62, 4.66726145839586e-62,  -6.99947713877414e-303, -2.06384209337233e-301, 1.3350461700768e-307,  0))
result <- do.call(nanotime:::nanotime_subset_numeric_impl,testlist)
str(result)