testlist <- list(idx = c(1.38553270466618e-134, 1.38553270466618e-134, NaN,  NaN, NaN, NaN, NaN, NaN, NaN, NaN, NaN, NaN, NaN, NaN, NaN, NaN,  NaN, NaN, NaN, NaN, NaN, -6.27743856220423e+66, NaN, -1.19404740721418e+307,  -5.266468989901e+304, NaN, NaN, NaN, NaN, NaN, 7.2911220195564e-304,  NaN, 5.56298313774471e-300, -9.2559641156769e+61, 2.12433010996094e+183,  NaN, -6.27743856220423e+66, 6.66374251255079e-317, NaN, NaN,  NaN, -4.86224736311716e-63, NaN, -5.48612930076931e+303, NaN,  -6.27743919236371e+66, 9.61276249046617e+281, 9.61265723864247e+281,  9.61276249046606e+281, 3.32653113093523e-111, 131670.125001855,  NaN, NaN, NaN, NaN, NaN, NaN, NaN, NaN, 4.77830972673648e-299,  -6.3185318120436e+66, -5.35895018310274e+67, -2.23756681748204e+65,  2.60298485511461e-319, 9.86550281615801e-320, -1.07986236819643e+63,  -6.27743856220419e+66, 1.40393693922249e-319, -5.76177491048553e+303,  NaN, 5.43230922486616e-312), v = c(-5.39190191600043e+67, 6.75163022143746e-67,  NaN, NaN, -6.27743919237597e+66, -6.27719171611978e+66, -8.22752278660603e+62,  9.86599688180385e-320, -6.27679320328234e+66, 4.97596593034672e+226,  7.29112201955658e-304, -4.92341942427973e-63, NaN, 3.4318311010408e+108,  7.5316844604865e+164, 2.64167313744262e+180, 3.63054264643504e+228,  2.06541523075423e-27, -8.22752278660614e+62, NaN, NaN, NaN, -2,  -6.27743856220423e+66, -6.27719171611978e+66, -8.22752278660603e+62,  9.86599688180385e-320, 1.11532830453862e-309, -6.27743856216573e+66,  6.21638733600702e-310, 7.16691920123306e-304, 4.36712536112894e-312,  2.48928464660684e-58, NaN, NaN, 7.48661861272798e-114, 4.34139526367135e+150,  3.22268663701801e-115, 8.76431881444561e+252, 1.88537229089345e-317,  -2.4418630604214e+304, 9.61276250175192e+281, 9.61276249046606e+281,  9.61276249046606e+281, 5.6972216511159e-304, 9.09678074030677e+61,  NaN, NaN, NaN, -6.31853181204377e+66, 1.74661989093833e+159,  4.36715045618059e-312, 3.33839337980851e-307, 1.11362339109857e-309,  -6.27743856216573e+66, 6.21638733600702e-310, -1.07563738438758e-71,  NaN, -3.56553278060931e+304, NaN, 5.94829696256456e+228, 1.11797747772476e-309,  4.89001727999039e-10, NaN, NaN, 3.36824391899913e-310, 7.29112201955619e-304,  NaN, 8.55588702917148e-311, NaN, -3.36999333339383e+66, -8.22682447447091e+62,  1.80331510442051e-130, NaN, -6.27743856221381e+66, NaN, -4.69503530447522e+305,  -5.55552622540634e+303, NaN, 6.02750888229006e+228, NaN, 0, -8.22752281116571e+62,  2.85279194687303e+180, 2.77448001762435e+180, 2.77448001762435e+180,  2.77448001762435e+180, 2.77448001762435e+180, 2.81378972231288e+180,  2.77448001762435e+180, 2.77448001762435e+180, NaN, -3.56553278060931e+304,  -5.76173003861366e+303, 4.8625559796697e-63, NaN, 8.25947416277873e-305 ))
result <- do.call(nanotime:::nanotime_subset_numeric_impl,testlist)
str(result)