testlist <- list(idx = c(NaN, NaN, NaN, NaN, 2.77448100694596e+180, 2.77448001623553e+180,  -4.69526163440602e+305, NaN, 1.11797747772476e-309, 4.89001727999039e-10,  NaN, NaN, NaN, NaN, NaN, NaN, NaN, NaN, NaN, -6.27743856221381e+66,  NaN, -8.22753060421897e+62, 1.38557306667794e-309, -2.72848409991473e-11,  -2.70494424244937e-11, -2.70494424244937e-11, -2.70494424244937e-11,  -2.70494424244937e-11, -2.70494424244937e-11, -2.70494424244937e-11,  -2.70494424244937e-11, -2.70494424244937e-11, NaN, -2.70494424244937e-11,  -2.70494424244937e-11, NaN, -6.2774385646658e+66, 1.74661989093833e+159,  8.05278770174521e-174, NaN, NaN, 2.11651738964702e+214, -6.27743919237597e+66,  -4.18580509342941e+307, 2.11651738964702e+214, -6.27743919237597e+66,  NaN, NaN, -6.2775998861804e+66, NaN, 7.07729242175365e-304, 1.3449746230617e-284,  -6.27743855592709e+66, 9.4854543051209e-315, 1.09541412494872e-307,  NaN, NaN, NaN, -6.2775998861804e+66, -6.27743856220419e+66, 1.66897982524199e-307,  9.61276537964728e+281, 6.65340712592837e-310, -1.13222869049186e-72,  -1.37922653379336e+126, Inf, 2.60298485511461e-319, 6.46603900210991e-315,  -1.07986236819643e+63, -6.27743856220419e+66, 3.70525519229935e-317,  -7.01184991333563e+274, NaN, NaN, NaN, 0), v = c(NaN, 4.99006302299659e-322,  2.7744800176243e+180, 2.77448001762435e+180, 2.81378972231288e+180,  2.77448001762435e+180, 2.77448001623553e+180, -6.27743725144689e+66,  NaN, NaN, 7.2911220195564e-304, NaN, NaN, -6.27743919237597e+66,  -7.14960664045379e-304, 5.73030420274759e+67, 1.39067116124321e-309,  0, 5.41110254238677e-312, -6.27743855216045e+66, 5.82873322665211e-133,  NaN, -2.70494424244937e-11, -2.70494424244937e-11, -2.70494424244937e-11,  -2.70494424244937e-11, -2.70494424244937e-11, -2.70494424244937e-11,  -2.70494424244937e-11, -2.70494424244937e-11, -2.70494424244937e-11,  -2.70494424244937e-11, -2.70494424244937e-11, NaN, 3.60081100509198e+228,  4.11365018185898e+71, -2.70468092498379e-11, NaN, 7.54792484964308e+168,  -6.14776892659599e+66, -5.48612533597681e+303, NaN, NaN, 9.52088243990317e-307,  7.10266884511843e+182, 3.88978846332602e+179, 2.77448001762435e+180,  -3.56544697826552e+304, 1.390671161567e-309, Inf, 3.3421433707209e-313,  -6.27688576542437e+66, 2.12199568078863e-314, 0, -6.10811291677632e+66,  1.06490729409687e-307, 4.10413885292467e-207, -6.10893245517889e+66,  3.78576989820307e-270, NaN, NaN, 6.06452379804413e+228, -1.14381849990353e+64,  2.60298485511461e-319, 0, 0, 0, -6.27743856216477e+66, -6.31873750011343e+66,  -6.27743856220419e+66, 2.73732308734622e-312, 5.69722166464366e-304,  9.0967807403068e+61, -2.51306904884108e+129, 3.48510689854928e+283,  2.07078202735058e-147, NaN, NaN, -4.07309995229058e+307, NaN,  NaN, -2.24711641857789e+307, -6.10331406892077e+303, NaN, NaN,  NaN, -6.27743918923742e+66, -7.14960664045379e-304, 6.66374251255079e-317,  0))
result <- do.call(nanotime:::nanotime_subset_numeric_impl,testlist)
str(result)