testlist <- list(idx = c(NaN, NaN, NaN, 3.32653242619725e-111, NaN, -2.00505420714357e-178,  -5.66560440930009e+303, NaN, 2.64627754560929e-260, -9.2550797296549e+32,  -9.23923411592227e+32, 6.472981378917e+91, NaN, NaN, NaN, 7.12112637676645e-304,  -3.29126424782201e+305, -9.15711255691854e+304, -2.09984313644439e-301,  1.62756395651803e-260, 1.43284466559111e-312, 7.07225133884507e-304,  4.64186832235264e-315, 2.05469587018851e-81, 1.33672808566605e-60,  4.66726145839586e-62, 4.66726145839586e-62, 4.66726145839586e-62,  4.66726145839586e-62, 4.66726145839586e-62, 4.66726145839586e-62,  4.66726145839586e-62, 4.66726145839586e-62, 4.66726145839586e-62,  4.66726145839586e-62, 4.66726145839586e-62, 4.66726145839586e-62,  4.66726145839586e-62, 4.66726145839586e-62, 4.66726145839586e-62,  NaN, 2.66761603640015e-260, -8.22918610398888e+303, NaN, NaN,  NaN, -1.05827862912367e+178, -1.05835530364382e+178, -1.05835530364382e+178,  -1.05835530364382e+178, -2.04220038872473e-301, NaN, 2.2280955805086e-312,  NaN, -7.29245228205967e-304, 2.84351632500927e-312, NaN, NaN,  -1.78062870571354e-301, NaN, NaN, 9.67082135388972e+25, 6.87483813597075e+175,  6.78871252265431e+199, 1.12414666149604e+79, 5.36938359308786e+169,  5.94765051697468e+228, NaN, -1.1937420230576e+307, NaN, NaN,  -8.46677799001519e+245, 2.05753129981219e-289, 7.50962427239705e-308,  NaN, 1.11074859605765e-314, 2.04255085151626e-81, 1.26366045541147e-304,  -5.49148170619295e+303, -9.32640561945171e+304, 4.86173067423792e-62,  NaN, NaN, 2.11367436582065e-314, 0, 0, 4.50881665664301e-310,  0), v = c(4.71235854849405e+257, 1.0639991435071e+248, -5.34244468254264e+303,  3.01309475407794e+301, 3.78649630139603e-270, -1.13195988274628e-72,  2.78138473737011e-309, -5.48744775858371e+303, 1.3348773518388e-306,  NaN, -2.09955324232178e-301, NaN, -2.68156158596902e+154, 4.73204983474642e-299,  NaN, NaN, NaN, 2.12199579047121e-314, 0, 3.69375807333325e-310,  1.813229813419e-317, 2.05469505331541e-81, 2.05469505011199e-81,  15.5921568627451, 2.68747897373509e-317, -1.78050989024617e-301,  NaN, 1.385010037894e+219, 3.4819568357527e+228, 9.0765580776156e+223,  -3.49120610854758e+304, 2.01550462910045e-286, 6.9244752860662e+274,  2.11715726191271e-289, -1.10957441938257e-72, NaN, NaN, 9.67140655691703e+25,  -2.02665274529596e-301, 3.45059539617607e-85, 2.85791219126338e-109,  3.11448743970695e+169, 9.08787307727862e+223, 2.11651649252441e+214,  -1.10957493595448e-72, NaN, NaN, 2.08499406808848e-148, 2.65087415893749e+180,  NaN, 2.8579121912816e-109, 3.62473289151349e+228, NaN, NaN, 1.12414655135495e+79,  7.47868160879857e+247, 6.84976355123871e+180, 3.07839226128608e+169,  9.07657702144378e+223, 1.26541255670203e-306, 6.42098950406831e-309,  -3.29126424782201e+305, 2.749439197446e-82, -1.43042360740024e+107,  5.56278262279241e-309))
result <- do.call(nanotime:::nanotime_subset_numeric_impl,testlist)
str(result)