testlist <- list(idx = c(-5.3498644167627e+67, NaN, -Inf, 6.44223208490591e+170,  6.07718652165079e+247, 3.67587083592263e+228, 1.06399914350713e+248,  1.06399914350713e+248, 8.76420697153991e+252, NaN, NaN, NaN,  -6.27743856220423e+66, NaN, -5.39198933343005e+67, NaN, -6.27743856221377e+66,  NaN, -5.39190191600052e+67, -6.27743856220423e+66, NaN, NaN,  NaN, -4.83003296383686e-265, -6.31873748756593e+66, 4.23741422333677e-310,  2.12199579047121e-314, 0, -5.48612408915131e+303, NaN, NaN, -6.10811291985621e+66,  8.08634922390416e-174, 6.67807516377474e+160, 7.48606336523954e-114,  3.0876407831599e+175, 3.2229402917885e-115, 7.77954842255101e+182,  NaN, NaN, NaN, -2.24711641857789e+307, -6.27743856220419e+66,  8.48843732184707e-305, NaN, NaN, NaN, -6.2775998861804e+66, -6.27743856220419e+66,  NaN, -Inf, NaN, NaN, NaN, NaN, NaN, NaN, NaN, NaN, -6.27743856221377e+66,  NaN, NaN, -6.27743856221381e+66, 1.70591818449646e-314, -5.39198676370222e+67,  3.3380470689765e-307, 5.43230922360629e-312, 0, 2.11371193061983e-314,  -6.14991195897257e+66, -5.3590792422837e+67, 9.61276249046606e+281,  9.61276249046606e+281, 9.61276249046606e+281, 0), v = c(NaN,  NaN, NaN, NaN, NaN, 3.43183276380017e+108, 7.5316844604865e+164,  2.616853036994e+180, 3.63054264643504e+228, 3.63054264714174e+228,  1.22047581839378e-152, NaN, NaN, -7.26849136434282e-15, -2.70494424244937e-11,  -2.70494424244937e-11, -2.70494424244937e-11, -2.70494424244937e-11,  -2.70494424244937e-11, -2.70494424244937e-11, -2.70494424244937e-11,  4.02629977843021e-312, 1.65530598454014e-312, 1.34497564618574e-284,  -6.27743856220419e+66, 9.4854543051209e-315, -1.07563764753402e-71,  NaN, -3.56553278060931e+304, NaN, 5.94829696256456e+228, 1.11797747772476e-309,  0, 4.23758332042275e-310, 4.35009137147881e-312, -6.27743856220404e+66,  7.2906298388025e-304, NaN, 2.12199579047121e-314, 1.09366830293346e-303,  4.10413909751609e-207, 3.18389086218105e-313, 7.2903495044423e-304,  -6.27688576542437e+66, 3.22689095268293e-319, 7.06341700023932e-304,  8.03601080270012e-174, 6.67807516377474e+160, 7.48606336523954e-114,  3.0876407831599e+175, NA, NaN, -3.70238525393043e+63, 4.44380721892343e+252,  5.0262055402704e+180, 6.21061791714466e+175, 8.90389806695633e+252,  NaN, 8.09253716953022e+175, NaN, NaN, -4.21334114489012e+307,  NaN, 7.2911220195564e-304, NaN, NaN, -6.27743918923742e+66, -7.14960664045379e-304,  4.77415501903982e-63, 6.6636649442444e-317, 1.31570386618014e-312,  -Inf, NaN, NaN, 2.12199579047121e-314, NaN, 0))
result <- do.call(nanotime:::nanotime_subset_numeric_impl,testlist)
str(result)