testlist <- list(idx = c(NaN, NaN, 1.26541255670602e-306, 6.42098950406831e-309,  -3.29126424782201e+305, 2.749439197446e-82, -1.43042360740024e+107,  5.56278262279241e-309, 131061.874766346, NaN, NaN, NaN, -1.5865470889827e-300,  -1.53663108035106e+306, NaN, 3.32653242619725e-111, 7.29252659753543e-304,  2.52961610670718e-321, -2.94459178981039e+48, 1.78880049691429e+161,  -3.64485175937978e-303, NaN, 1.38548154451117e-101, -3.69023482359166e-74,  7.5715340275718e-268, 1.46102276152101e-308, NaN, -7.86490692920804e+307,  1.78880049691429e+161, 7.14640877848353e-304, NaN, Inf, 3.47689010997242e-310,  -8.94445664335293e+303, 2.67084363857761e+265, -8.84262633481409e+304,  5.92136794826593e-310, Inf, 6.04838782123408e+144, -1.58631745047407e-300,  1.17190567356513e+217, -5.48612190709889e+303, 3.01414116123955e+301,  NaN, 0), v = c(Inf, 4.66726145839586e-62, 4.66726145839586e-62,  4.66726145839586e-62, 4.66726145839586e-62, 4.66726145839586e-62,  4.66726145839586e-62, 4.66726145839586e-62, 4.66726145839586e-62,  4.66726145839586e-62, 4.66726145839586e-62, 4.66726145839586e-62,  4.66726145839586e-62, 4.66726145839586e-62, 4.66726145839586e-62,  7.01854351853345e-310, 4.29410386076676e-258, 2.63569023941928e-82,  1.53063836098895e-18, 1.27819040585086e-312, NaN, NaN, -2.39754906018746e-277,  NaN, NaN, 5.0758836746313e-116, -5.82815922260528e+303, -1.45365526723366e+135,  1.08646187052334e-311, 1.38523885234213e-309, 0, -Inf, 4.2708924328938e-252,  -36712495.8156757, 1.98685234537634e-286, 4.47738449791035e-260,  -1.98528922609611e-301, -9.25649166939097e+303, Inf, -9.25648974835475e+303,  -1.05835530364382e+178, 1.08835174747555e-311, -9.25649166939096e+303,  -9.08840995010921e+303, -1.05835530303177e+178, NaN, 5.70305077760469e+193,  1.35617171501125e+248, 3.22221035394862e-115, 7.26613695511762e+223,  -3.75846055513396e-74, NA, NaN, 7.06365687797069e-304, -1.20008963843195e+303,  NaN, 2.12499999254953, -2.92300327466181e+48, NaN, 1.03926758068337e-309,  2.67997734042984e+201, 8.09307924505602e+175, 7.49779509808956e+247,  2.71863809318505e-109, 6.32597319261521e-310, 0, -5.48612145280588e+303,  1.39068790576382e-309, 9.88131291682493e-324, -1.13195988379912e-72,  -1.13185679059119e-72, -2.04220038872469e-301, -2.39754906018746e-277,  -7.8646396130828e+307, -2.04197808123408e-301, NaN, 1.09732646342396e-309,  6.47586663973497e-319, 6.14861320974161e-260, -3.29124583784432e+305,  -2.06384210019105e-301, -1.40842704052801e+135, NaN, 2.12199579047121e-314,  0, -5.37763120632843e+303, 0))
result <- do.call(nanotime:::nanotime_subset_numeric_impl,testlist)
str(result)