testlist <- list(idx = c(-2.23756681748204e+65, NaN, -5.39190012836026e+67,  -6.27743856220423e+66, NaN, NaN, -6.2775998861804e+66, -6.10811550048062e+66,  NaN, 5.73030420274759e+67, 1.39067116124321e-309, 0, 5.41110254238677e-312,  -6.27743855216045e+66, 5.82873322665211e-133, -4.65661101689495e-10,  -2.70494424244937e-11, -2.70494424244937e-11, -2.70494424244937e-11,  -2.70494424244937e-11, -2.70494424244937e-11, NaN, -2.70494424244937e-11,  -2.70494424244937e-11, -2.70494424244937e-11, -2.70494424244937e-11,  -2.70494424244937e-11, NaN, 3.60081100509198e+228, 4.11365018185898e+71,  NaN, -2, 7.2911220195562e-304, NaN, -1.74151522441095e+308, -2,  -8.22752278660606e+62, NaN, 9.09678074030677e+61, NaN, -6.2774362026513e+66,  NaN, -6.2775992584702e+66, 3.89377273652045e-308, NaN, -6.2775998861804e+66,  8.48843862570904e-305, -5.53299733838247e+303, 7.25267623360373e-304,  NaN, 0, 7.06341700023932e-304, -6.27678033522363e+66, 9.73120583250183e+281,  9.61276249046606e+281, 9.61276249046606e+281, 9.61276249046606e+281,  3.32653113093523e-111, 7.32439382720009e-304, NaN, -1.2007739595231e-72,  1.11532754218925e+184, -1.99999999999998, -6.27743856220423e+66,  -6.27719171611978e+66, NaN, 9.86599688180385e-320, -6.27679320328234e+66,  4.97596593034672e+226, 0.000915648415684712, 1.1110160540622e-307,  2.12179461277404e-106, NaN, NaN, 7.88399085005194e-174, NaN,  -8.4266865696671e+307, NaN, 7.74651678807592e-304, 7.29112200597569e-304,  0, 1.38524225085101e-309, 5.66010080854182e-64, 9.61322515977089e+281,  9.61276249046606e+281, 9.61276249046606e+281, 9.61276249046606e+281,  4.55695126224305e-303, 7.32439382720009e-304, 1.92142509691839e-303 ), v = c(3.43183276380017e+108, 2.64986902539586e+180, 5.30383399675981e+180,  NaN, 2.06541523037817e-27, 3.22812611679754e-319, NaN, 2.77448001762442e+180,  3.43183276380017e+108, -1.16560237871962e-88, -1.16555354809014e-88,  2.11317445787388e-305, -1.16555354809014e-88, -1.16555354809014e-88,  -1.16555354809014e-88, -1.16555354809014e-88, -1.16555354809014e-88,  8.54733567305357e-322, 1.15172193140306e+164, -6.14776892659599e+66,  -2.46825683598181e+64, 1.50519527448381e-309, 4.65661287307739e-10,  NaN, -5.66969917403003e+303, -6.1718895773929e+303, NaN, NaN,  -6.27743856221381e+66, NaN, 2.64973924195664e+180, -8.97569566983863e+305,  -5.35907924094982e+67, -4.18580509342941e+307, NaN, NaN, -6.27743856220419e+66,  4.06746404950361e-140, -3.25911405053157e+100, NaN, 3.23785921002061e-319,  NA, -8.73973428821405e+62, -5.35895017702179e+67, 9.61276249046606e+281,  9.61276249046606e+281, NaN, 0))
result <- do.call(nanotime:::nanotime_subset_numeric_impl,testlist)
str(result)