testlist <- list(idx = c(-2.70494424244937e-11, NA, -2.70494424244937e-11,  NaN, -6.23998189582916e+305, 4.89002085007761e-10, NaN, NaN,  3.36824391899913e-310, 7.29112201955619e-304, NaN, 8.55588702917148e-311,  -6.13592258657026e+66, 3.8938792523595e-308, -2.70494424244937e-11,  -1.07558381654641e-71, 2.77448001762435e+180, 2.77448001762435e+180,  2.77448001762435e+180, 2.77448001762435e+180, 2.77448001762435e+180,  2.77448001762435e+180, -2.7744800176335e+180, 3.79228092584927e+179,  2.77448001762435e+180, -3.56544697826552e+304, 2.12199579047121e-314,  -4.08324710381332e+149, -1.99975696578627, -6.27743856220423e+66,  -6.27719171611978e+66, -8.22752278660603e+62, 9.86599688180385e-320,  -5.76072430926352e+303, NaN, 3.20523977279663e-05, 1.1110160540622e-307,  -7.41979103089407e+274, 5.72989885601556e+67, 0, 3.33810649281603e-307,  0, -6.10910002873739e+66, NaN, 2.11651738964702e+214, 4.36709952236028e-312,  1.6689796561535e-307, NaN, NaN, NaN, NaN, NaN, NaN, -6.2775998861804e+66,  NaN, -2.72848410077752e-11, -2.70494424244937e-11, -2.70494424244937e-11,  -2.70494424244937e-11, -2.70494424244937e-11, -2.70494424244937e-11,  -2.70494424244937e-11, -2.70494424244937e-11, -2.70494424244937e-11,  -2.70494424244937e-11, -2.70494424244937e-11, NaN, 7.34568276902529e-67,  NaN, NaN, -6.31873750011343e+66, -6.27743856220419e+66, 0), v = c(-6.27743919237597e+66,  NaN, -6.27743918992398e+66, NaN, 1.1171735062665e+267, 1.33240832327218e-105,  3.73566500192966e+174, 4.5592680326758e+169, 3.73756263894655e-317,  0, 5.18689446110124e+180, 2.34342831727688e-312, 0, 8.76431882462001e+252,  -7.19452925064222e+304, NaN, -6.2775998861804e+66, -8192.73437497662,  -8577.50588235294, -8577.50588235294, -8577.50588235294, -8577.50588235294,  -8577.50588235294, -2.70494424244937e-11, -2.70494424244937e-11,  -2.70494424244937e-11, -2.70494424244937e-11, NaN, -6.23998189582916e+305,  4.89002085007761e-10, NaN, NaN, 3.36824391899913e-310, 7.29112201955619e-304,  NaN, 8.55588702917148e-311, -3.66140833384411e+63, NaN, -6.2775998861804e+66,  -6.10811550048062e+66, NaN, 5.73030420274759e+67, 1.39067116124321e-309,  0, 5.41110254238677e-312, -6.27743855216045e+66, 5.82873322665211e-133,  -4.18580509342931e+307, -2.70494424244937e-11, -2.70494424244937e-11,  -2.70494424244937e-11, -8.2313891205536e+307, -6.27743856465622e+66,  NaN, NaN, -5.39198933343013e+67, -6.10331406892077e+303, NaN,  7.25267623625622e-304, 4.77830744827144e-299, -6.31857680630236e+66,  8.03680051542458e-174, NaN, NaN, -6.27743856221381e+66, 8.26036854156492e-305,  -6.27759988618021e+66, -5.48653218340931e+303, 8.28904556439245e-317,  3.32653112500637e-111, 7.0632744564981e-304, -5.35895018310274e+67,  -3.56552123211776e+304, -2.7049446016391e-11, -2.70494424244937e-11,  0))
result <- do.call(nanotime:::nanotime_subset_numeric_impl,testlist)
str(result)