testlist <- list(idx = c(4.66726145839586e-62, NaN, 4.66726145839586e-62,  4.66726145839586e-62, 4.66726145839586e-62, 4.66784380376151e-62,  4.66726145839586e-62, 4.66726145839586e-62, 4.66726145839586e-62,  4.66726145839586e-62, 4.66726145839586e-62, 4.66726145839586e-62,  4.66726145839586e-62, 4.66726145839586e-62, 4.66726145839586e-62,  NA, 5.88060766391555e-39, 1.52783567920317e-18, 1.53063836115601e-18,  0, 1.47917626607462e-272, 4.27089243289369e-252, -36712495.8156757,  NaN, NaN, 6.04838781805433e+144, 5.56809611825702e-309, -1.58631745047407e-300,  -3.75845888826957e-74, 6.05676842954107e+144, 3.1339046268313e-306,  7.29468213773023e-304, -0.000975012313574552, NaN, NaN, 5.70305077760469e+193,  7.42407780269735e-80, 2.05469505011199e-81, 1.31749396231594e-306,  7.29468213773023e-304, NaN, 139264, NaN, 2.77965937253327e-309,  5.88034161918198e-39, NaN, 2.05469505011199e-81, 2.05469505011199e-81,  -2.01416605414092e-178, NaN, NaN, NaN, NaN, 1.3747483641627e+77,  -2.04084220012512e-301, 131071.991210705, NA, -1.78051567212106e-301,  NaN, 5.56543271520308e-309, 3.81573682714483e-236, -2.06384210019095e-301,  -2.04242555229246e-301, 4.45901975595248e-305, NaN, NA, -0.000975012313574525,  4.77830973570631e-299, -1.09649869513661e-72, 8.60020069715858e-320,  1.72723288740967e-77, 2.05469505011199e-81, 3.70505656905975e-298,  2.63566761824117e-82, 1.53063836115601e-18, 1.53063836115601e-18,  1.53063836115601e-18, -9.32641091685159e+304, 131071.9532938,  -2.04220039216047e-301, NaN, 4.27091741599266e-252, -36712495.8156757,  1.98685234537634e-286, 1.03216864828098e-255, -2.042200718951e-301,  -7.14085151845436e+274, 0), v = c(4.64186832235264e-315, 4.77861958614113e-299,  -5.48612406881115e+303, 2.05469505011204e-81, 2.05469505011199e-81,  2.10843876856953e-81, 2.05469505011199e-81, 4.66726145839592e-62,  4.66726145839586e-62, 4.66726145839586e-62, 4.66726145839586e-62,  4.66726145839586e-62, 4.66726145839586e-62, 4.66726145839586e-62,  4.66726145839586e-62, 4.66726145839586e-62, 4.66726145839586e-62,  4.66726145839586e-62, 4.66726145839586e-62, 4.66726145839586e-62,  4.66726145839586e-62, 4.66726145839586e-62, 3.06170162930591e-306,  -2.04228492663347e-301, 3.04209497742435e-310, 9.62639011163196e-306,  4.77861958629324e-299, 2.12500000000637, -8.92432212355688e+32,  -9.23923411592227e+32, -9.23923411592227e+32, -5.48612812202595e+303,  NaN, NaN, NaN, -2.04220071896811e-301, NaN, NaN, 7.1559800727533e-304,  3.91648201987887e-306, NaN, NaN, 3.53121319574526e-310, NaN,  2.78138473737003e-309, -2.04242442256137e-301, 1.42873423644205e-101,  -8.98745417018614e+307, 3.46552190306653e-273, 5.8803416351795e-39,  NaN))
result <- do.call(nanotime:::nanotime_subset_numeric_impl,testlist)
str(result)