testlist <- list(idx = c(4.66726145839586e-62, 4.66726145839586e-62, 36712496.2114246,  4.66726146995923e-62, 4.66726145839586e-62, 4.66726145839586e-62,  4.66726145839586e-62, 4.66726145839586e-62, 7.01854351853345e-310,  4.554259787758e-258, 2.63569023941928e-82, 1.53063836098895e-18,  1.27819040585086e-312, NaN, NaN, -2.39754906018746e-277, NaN,  NaN, 5.0758836746313e-116, -3.68959024594165e-164, 1.03216864828479e-255,  Inf, -5.31469316581375e+303, -2.04228492666011e-301, 36046811417340809216,  1.18831829052228e-312, 1.62995977669684e-260, -9.23923411592198e+32,  -9.23923411592227e+32, NaN, NaN, NaN, NaN, -1.5865470889827e-300,  -1.5366317140128e+306, NaN, 3.32653242619725e-111, -6.30864338310222e-301,  2.78134232330349e-309, NaN, 7.2911220195564e-304, -5.54371258795365e+303,  3.74938420361741e-312, -3.29124583785909e+305, NaN, 131056.046876907,  -Inf, 1.03221640135512e-255, 4.55425978775823e-258, -Inf, -1.13195948214138e-72,  NaN, -2.04220038872469e-301, 3.05588613855975e-310, 1.39612522128111e-308,  -5.82770929313929e+303, -7.86490746502263e+307, NaN, -9.32641091694927e+304,  -1.05835530247386e+178, -1.05835530364382e+178, -1.05835530364382e+178,  -1.55997758725809e-299, NaN, NaN, 5.70305077760469e+193, -5.4861214529657e+303,  -2.04391328902545e-178, 4.77830973605411e-299, NaN, NaN, -2.04219508674998e-301,  7.29112201955635e-304, 0), v = c(-5.31469315577943e+303, 5.43225676953611e-312,  4351.99998855591, 8.28904605845809e-317, -5.48612406879369e+303,  -8.46677800622993e+245, -1.78051567212106e-301, 7.29099685583655e-304,  NaN, -5.90326995243555e-163, -7.31203427805035e-304, -1.4425878136432e+135,  -7.06961811432676e+303, 9.54483896617215e+219, 131059.2, NaN,  4.66726145839587e-62, 4.66726145839586e-62, 4.66726145839586e-62,  1.19085302441895e+140, 4.85806379540554e-80, -2.04220126828319e-301,  2.63569024430232e-82, 1.53063836098895e-18, 1.27819040585086e-312,  NaN, -1.4997792127201e+306, -7.31203293201453e-304, NaN, 9.11795061489734e-316,  0, 0, 4.10074486048235e-322, -36712495.8156757, 1.98685234537634e-286,  -9.25648974867439e+303, -2.04220039001464e-301, 3.23785921002061e-319,  0, 0, 0, 0, 0, 0, -5.48612406879369e+303, 8.2566664782266e-317,  0, 0, 4.22764033116368e-307, -7.2911220195564e-304, -1.4425878136432e+135,  6.31848629125512e+91, 4.66726145838465e-62, 4.66726145839586e-62,  4.66726145839586e-62, 4.66726145839586e-62, 4.66726145839586e-62,  4.66726145839586e-62, 4.66726145839586e-62, -1.58631605400133e-300,  5.88060766391555e-39, 1.52783567920317e-18, 2.78052638116891e-135,  NaN, NaN, 4.0215293667719e-87, NaN, NaN, NaN, NaN, NaN, NaN,  NaN, NaN, NaN, 1.68074165771989e+117, 2.65087415893749e+180,  4.61486428879323e+281, 4.87620583420803e-153, NaN, NaN, NaN,  3.31023982713635e-322, 3.69396944400774e-310, -8.94445664335293e+303,  1.18831829052228e-312, 2.0549049897003e-81, -5.68421591171691e-303,  4.66726145839586e-62, 4.66726145839586e-62, 4.66726145839586e-62,  4.66726145839586e-62, 4.66726145839586e-62))
result <- do.call(nanotime:::nanotime_subset_numeric_impl,testlist)
str(result)