testlist <- list(idx = c(8.48843862570904e-305, NaN, 1.1110160540622e-307,  2.12179461277404e-106, NaN, NaN, -4.44354378132974e+304, -8.57206885749014e+303,  2.77463000499359e+180, 2.77448001762435e+180, 2.77448001762435e+180,  2.77448001762435e+180, 2.77448001762435e+180, 2.77448001762435e+180,  2.72332021874044e+180, 2.77463553904123e+180, 2.77448002148889e+180,  2.77448001761892e+180, 7.15351996183438e-304, -4.18580551360153e+307,  -6.27743856299845e+66, -2.23756681748204e+65, 2.60298485511461e-319,  6.46603900210991e-315, -1.07986236819643e+63, 1.11362339109857e-309,  3.70525519229935e-317, -7.01184991333563e+274, NaN, NaN, NaN,  NaN, NaN, -6.2775998861804e+66, -3.73039628699819e+305, 2.5989871800948e-312,  1.20396110574488e-218, -9.26257593346166e+278, NaN, NaN, NaN,  NaN, 1.11362339109857e-309, -6.27743919237597e+66, -7.14960664045379e-304,  1.80320693048835e-130, NaN, NaN, NaN, 6.6636649442444e-317, 1.31570386618014e-312,  NaN, NaN, NaN, -6.2775998861804e+66, -8.22752471154062e+62, NaN,  -5.39141803682531e+67, -6.27743856465619e+66, 8.07944335753901e-174,  NaN, NaN, -6.27743856220423e+66, NaN, 8.25947417969246e-305,  2.77448001762435e+180, 2.77448061744284e+180, 2.77448001763945e+180,  2.77448001762433e+180, -5.82819793914473e+303, 2.11890765503903e-310,  -6.31873750011343e+66, 1.33269657224343e-312, NaN, 1.67792003657656e+243,  -5.39198933343e+67, 3.41170322495332e-310, NaN, 2.77448001764258e+180,  2.77448001762435e+180, 2.77448001762435e+180, 2.77448001762435e+180,  2.77448001762435e+180, -2.70494376352963e-11, -2.70494424244937e-11,  -2.70494424244937e-11, 0), v = c(NaN, 1.276895749247e+161, 6.45840607404537e+170,  2.47603820437058e-305, -5.35895018310274e+67, 4.31051178105897e+238,  9.61276249046606e+281, 9.61276249046606e+281, 5.73093487921848e+67,  -6.17188957740288e+302, -9.26354535054158e+278, 1.42903553274004e-284,  NaN, NaN, NaN, -2, -6.27743856220423e+66, 3.22271764833416e-115,  8.76431881444561e+252, -7.19452925064222e+304, NaN, 6.24349710063198e+144,  NaN, NaN, 5.69708248904043e-304, 1.33283325387642e-105, 3.2221328488709e-115,  8.76431881444561e+252, 7.35876460944816e+223, 8.90389806738183e+252,  8.8104510929177e+252, NaN, -5.32046464600201e+304, -6.27759988618024e+66,  8.48843862570904e-305, NA, 3.98370212391962e-59, NaN, -5.39198933343013e+67,  -3.73014065384033e-14, -2.70494424244937e-11, -2.70494424244937e-11,  -2.70494424244937e-11, -2.70494424244937e-11, -2.70494424244937e-11,  -2.70494424244937e-11, -2.70494424244937e-11, 7.29089165896869e-304,  -5.35895018310274e+67, -3.56552123211776e+304, -2.7049446016391e-11,  3.47305890292427e-164, -2.70494424244937e-11, -2.70494424244937e-11,  -2.70494424244937e-11, -2.70494424244937e-11, -2.70494424244937e-11,  -2.70494424244937e-11, -2.70494424244937e-11, -2.70494424244937e-11,  -2.70494424244937e-11, -2.70494424244937e-11, NaN, 1.26541255901825e-306,  1.390671161567e-309, 4.24344113746573e-314, 3.23521467661619e-313,  NaN, -5.48612406879369e+303, 2.12199578997714e-314, NaN, 5.94829696256456e+228,  NaN, 8.55588702917148e-311, 2.82334960584131e-266, -2.44186138353234e+304,  1.42903553274004e-284, NaN, NaN, -Inf, 0))
result <- do.call(nanotime:::nanotime_subset_numeric_impl,testlist)
str(result)