testlist <- list(idx = c(NaN, NaN, -1.99999904632534, 1.11362339142118e-309,  0, 0, 0, 2.09944893317642e-131, 4.08810990330977e-207, 3.50455584564571e-319,  6.953355807835e-308, -4.52891476196768e-72, 4.53358588467112e-308,  -1.83624842313587e+63, -1.46686174923262e+277, -6.13565737247416e+66,  NaN, NaN, NaN, NaN, NaN, -6.31853181204377e+66, NaN, -7.2018772260507e+303,  NaN, NaN, -6.27743856221376e+66, -6.21424596459557e+66, 1.01283457397456e-321,  3.85371203756172e-322, -6.11222667820889e+66, NaN, 1.44736530949193e-319,  1.1110160540622e-307, 2.12179461277404e-106, NaN, NaN, -4.44354378132974e+304,  -8.57206885749014e+303, 6.05358731835356e-310, NaN, 4.86255585755953e-63,  1.80331510275684e-130, NaN, NaN, NaN, NaN, 2.77478592362428e+180,  -6.31873750008381e+66, -1.64605303245133e+305, NaN, -4.18580551360089e+307,  NaN, NaN, -6.2774385646658e+66, NaN, -6.27743856221381e+66, -3.73039628699819e+305,  2.12199572772487e-314, 0, -5.48612408915131e+303, -4.18580509342931e+307,  3.89359592018101e-308, NaN, NaN, 7.72781990906628e+228, 5.04303644005011e-37,  2.64986902539586e+180, 5.30383399675981e+180, 2.44047694750493e-152,  2.06541523037817e-27, NaN, NaN, 3.49003238721115e-310, NaN, 2.12312433592921e-106,  NaN, 4.62905134509364e-299, NaN, -6.31873750011343e+66, -4.53890614367324e+279,  NaN, 5.69708189138032e-304, 9.09678074030677e+61, NaN, NaN, NaN,  -6.2774385646658e+66, -5.48610837289892e+303, 5.41239479171071e-312,  1.07031119372207e-59, 0), v = c(NaN, NaN, 8.48843615053363e-305,  NaN, 0, 0, -8.22752278660603e+62, -6.27743856220419e+66, -6.27743856220419e+66,  NaN, 4.91091739640088e-62, 4.71331520019643e+257, 1.27741322635295e+238,  5.03394341842181e+223, 1.68048229123505e+117, -6.1573173596914e+66,  1.01283457397456e-321, 0, 4.22654894230973e-310, 0, 0, -6.10811291677632e+66,  -6.27677713390189e+66, -6.27677713394116e+66, -4.18580509342941e+307,  -6.2774385646658e+66, 4.36715055332377e-312, 3.26375100700222e-111,  NaN, NaN, 1.39898123660375e-306, NaN, NaN, -6.27759908271138e+66,  -3.73039628699819e+305, 3.33804673723331e-307, 0, 6.51751146875376e-312,  -6.27743856220404e+66, 2.42827630312378e-312, 1.09541412413276e-307,  NaN, 3.95842112440199e-59, NaN, 3.8938792523876e-308, NaN, NaN,  8.48843862570904e-305, -1.99999904632534, 1.11362339142118e-309,  1.11362339109857e-309, NaN, -6.27743620266091e+66, 9.80207728371987e+281,  -2.44186306041111e+304, NaN, 6.24349710063198e+144, 1.42903553273614e-284,  NaN, NaN, 1.1179905167827e-309, 5.99885141417019e+67, 8.26048239937087e-305,  -6.2774385523568e+66, 1.64064539464631e-306, 5.24036644969119e-63,  -1.33428106268244e+307, -3.56552232363565e+304, NaN, 7.54792484964308e+168,  -6.14776892659599e+66, 2.18733660586692e-302, -2.41591815069775e+77,  -1.36224425084426e+307, 4.9476511602975e-10, NaN, NaN, 8.05143596199642e-233,  7.25755122003874e-146, 4.66573480275467e-299, -4.92341942427973e-63,  2.12179461075957e-106, NaN, 0))
result <- do.call(nanotime:::nanotime_subset_numeric_impl,testlist)
str(result)